79156933
79156995
79156940
79156952
79156999
79156962
79156948
79156991
79156909
79157027
79157008
79156928
79156937
79156898
79156888
79156917
79156970
79157016
79156941
79156984
79157012
79156913
79156903
79156881
79156921
79156929
79156894
79156892
79156907
79157002
79157020
79156956
79156993
79156964
79156931
79156925
79157024
79156886
79156960
79156954
79156968
79156935
79156976
79156997
79156957
79156986
79156943
79156879
79157003
79156982
79156972
79156939
79157018
79156919
79156994
79156990
79156947
79156961
79156998
79157028
79156890
79156908
79156882
79157026
79156951
79156912
79156923
79156955
79156897
79156884
79156902
79156887
79157007
79157011
79157022
79156927
79156920
79157019
79156980
79156891
79156880
79156906
79156974
79157015
79156978
79156916
79156988
79157001
79156945
79156959
79156963
79156967
79156924
79156934
79156878
79156996
79157023
79156953
79156949
79156975
79156885
79156992
79157009
79156985
79156900
79157005
79156946
79156938
79156918
79156899
79157017
79156981
79156989
79156910
79156971
79156942
79156889
79156979
79156914
79156922
79156904
79156950
79156895
79156911
79157013
79156930
79156901
79156893
79156926
79156965
79156932
79157006
79156883
79157021
79157010
79157025
79156905
79156973
79157000
79156936
79156896
79156977
79156915
79156969
79157014
79156987
79156944
79156966
79156958
79157004
79156983
