79211231
79211360
79211362
79211312
79211310
79211237
79211297
79211268
79211276
79211239
79211270
79211299
79211272
79211339
79211247
79211341
79211241
79211278
79211243
79211225
79211343
79211255
79211314
79211318
79211280
79211253
79211316
79211282
79211324
79211245
79211215
79211219
79211349
79211274
79211217
79211221
79211249
79211351
79211259
79211347
79211286
79211345
79211328
79211257
79211284
79211288
79211251
79211322
79211326
79211320
79211330
79211290
79211301
79211357
79211355
79211228
79211305
79211332
79211303
79211353
79211261
79211265
79211294
79211296
79211263
79211267
79211292
79211334
79211338
79211232
79211234
79211359
79211307
79211336
79211277
79211309
79211311
79211230
79211363
79211361
79211269
79211236
79211298
79211238
79211271
79211273
79211340
79211342
79211248
79211223
79211313
79211240
79211279
79211224
79211252
79211315
79211254
79211244
79211317
79211281
79211275
79211283
79211218
79211216
79211246
79211325
79211220
79211348
79211242
79211344
79211350
79211346
79211287
79211226
79211258
79211319
79211250
79211256
79211285
79211260
79211329
79211321
79211289
79211323
79211327
79211227
79211331
79211356
79211358
79211352
79211302
79211306
79211222
79211354
79211304
79211300
79211262
79211266
79211235
79211264
79211295
79211233
79211337
79211229
79211291
79211333
79211335
79211293
79211308
