84771033
84771115
84771032
84771126
84771110
84771120
84771044
84771019
84771137
84771090
84771121
84771108
84771132
84770992
84771109
84771067
84770997
84771091
84771020
84771094
84771014
84771106
84771021
84771107
84771003
84771134
84771072
84771031
84771026
84771022
84771100
84771008
84771101
84771078
84771004
84771084
84771027
84771114
84770990
84771093
84770996
84770984
84771135
84771099
84771011
84771025
84771061
84771017
84771048
84771142
84771015
84771062
84771097
84771055
84770983
84771123
84771056
84771029
84771138
84771042
84771013
84771087
84771023
84770989
84771104
84771083
84770987
84771127
84771064
84771001
84771039
84770999
84771103
84771077
84771113
84771117
84771081
84771068
84771085
84771119
84771035
84771129
84771005
84771095
84771052
84771071
84770981
84770985
84771057
84771053
84771046
84770993
84771006
84771058
84771047
84771075
84770988
84771122
84770998
84771065
84771076
84771136
84771045
84771034
84771141
84771069
84771041
84771054
84771059
84771111
84771036
84771082
84771105
84770980
84771098
84771125
84771010
84771028
84771116
84771024
84771079
84771118
84771139
84771112
84771030
84771140
84771086
84771080
84771050
84771012
84771131
84771049
84771089
84771000
84771043
84771096
84771060
84771018
84771130
84771088
84771040
84771070
84770979
84770994
84771073
84771009
84771037
84771066
84770986
84771124
84771002
84771102
84771074
84771007
84770982
84770995
84771051
84771016
84771092
84771128
84770991
84771063
84771038
84771133
