85876445
85876344
85876454
85876363
85876392
85876338
85876341
85876456
85876322
85876425
85876464
85876413
85876399
85876361
85876331
85876416
85876334
85876410
85876381
85876347
85876435
85876420
85876452
85876354
85876390
85876428
85876409
85876349
85876380
85876443
85876352
85876418
85876356
85876374
85876355
85876455
85876388
85876431
85876385
85876320
85876345
85876447
85876411
85876378
85876360
85876389
85876404
85876426
85876436
85876451
85876465
85876367
85876324
85876328
85876429
85876422
85876433
85876332
85876393
85876379
85876396
85876415
85876412
85876406
85876319
85876460
85876437
85876387
85876427
85876441
85876330
85876321
85876417
85876358
85876444
85876318
85876397
85876368
85876382
85876424
85876372
85876423
85876459
85876395
85876439
85876373
85876316
85876398
85876408
85876366
85876370
85876432
85876323
85876461
85876369
85876442
85876400
85876337
85876405
85876403
85876376
85876430
85876421
85876342
85876446
85876359
85876383
85876440
85876453
85876351
85876377
85876450
85876371
85876384
85876407
85876391
85876458
85876462
85876339
85876325
85876327
85876317
85876414
85876350
85876357
85876401
85876348
85876335
85876364
85876419
85876438
85876448
85876386
85876463
85876329
85876457
85876402
85876365
85876434
85876466
85876346
85876449
85876394
85876353
85876336
85876333
85876326
85876362
85876375
85876343
85876340
