85990954
85991038
85991027
85990911
85990922
85991016
85990951
85991013
85990936
85990987
85990950
85991023
85990967
85990969
85990939
85990961
85990978
85990982
85990995
85991001
85991030
85990924
85990928
85990917
85991032
85990988
85990946
85991042
85990943
85990949
85990970
85990934
85991025
85990914
85990923
85991047
85991036
85991014
85991050
85990926
85990912
85990986
85990977
85991000
85990933
85990906
85990974
85991028
85991044
85990916
85991039
85990929
85990966
85991017
85990984
85990907
85990957
85990964
85990932
85990994
85991015
85990955
85990996
85990963
85990965
85990997
85991007
85990908
85990952
85991026
85990940
85991021
85990993
85991051
85990980
85990942
85990919
85991011
85991020
85991052
85991043
85991022
85991008
85990910
85990989
85990920
85990915
85990953
85990935
85990983
85990918
85991048
85990927
85991024
85990975
85990931
85990968
85990973
85991035
85990972
85991018
85991045
85990991
85990985
85991033
85991004
85990958
85990956
85990979
85990944
85990947
85990921
85990941
85991006
85990990
85990959
85990913
85990976
85990945
85990930
85991037
85991009
85991002
85990998
85991010
85990960
85990999
85990981
85991046
85991049
85990938
85991040
85990937
85991003
85990971
85990909
85990962
85991029
85990925
85991034
85990948
85991012
85991041
85991005
85991019
85990992
85991031
