86657178
86657183
86657193
86657176
86657189
86657147
86657205
86657161
86657207
86657201
86657198
86657156
86657129
86657154
86657185
86657179
86657206
86657184
86657142
86657177
86657192
86657157
86657190
86657175
86657171
86657150
86657163
86657141
86657137
86657204
86657135
86657162
86657143
86657131
86657136
86657151
86657144
86657182
86657134
86657165
86657146
86657155
86657181
86657186
86657200
86657197
86657169
86657127
86657194
86657167
86657126
86657174
86657173
86657180
86657191
86657138
86657166
86657160
86657158
86657140
86657164
86657187
86657152
86657130
86657128
86657172
86657132
86657153
86657149
86657133
86657168
86657148
86657139
86657196
86657188
86657159
86657203
86657195
86657199
86657170
86657202
86657145
