87050934
87050952
87050978
87050951
87050980
87050946
87050943
87050970
87050965
87050940
87050947
87050961
87050973
87050944
87050982
87050966
87050964
87050963
87050949
87050941
87050983
87050939
87050933
87050989
87050986
87050969
87050976
87050957
87050985
87050962
87050977
87050955
87050975
87050950
87050972
87050958
87050954
87050942
87050971
87050945
87050948
87050981
87050938
87050984
87050935
87050937
87050953
87050979
87050967
87050960
87050987
87050968
87050936
87050959
87050974
87050988
87050956
