87068643
87068652
87068548
87068625
87068591
87068557
87068555
87068582
87068616
87068528
87068584
87068645
87068618
87068636
87068537
87068605
87068564
87068607
87068539
87068609
87068593
87068566
87068595
87068634
87068568
87068632
87068647
87068656
87068580
87068614
87068562
87068623
87068559
87068579
87068526
87068627
87068588
87068575
87068546
87068610
87068542
87068571
87068540
87068600
87068611
87068649
87068551
87068589
87068601
87068630
87068541
87068570
87068613
87068535
87068552
87068578
87068638
87068577
87068553
87068581
87068594
87068641
87068637
87068654
87068536
87068612
87068565
87068547
87068538
87068574
87068608
87068592
87068626
87068653
87068644
87068617
87068583
87068529
87068556
87068558
87068572
87068545
87068615
87068628
87068642
87068651
87068624
87068576
87068549
87068655
87068631
87068622
87068587
87068534
87068639
87068640
87068648
87068525
87068619
87068567
87068554
87068602
87068550
87068563
87068596
87068635
87068599
87068532
87068531
87068530
87068620
87068533
87068603
87068597
87068543
87068604
87068561
87068629
87068621
87068586
87068560
87068650
87068585
87068527
87068646
87068590
87068573
87068544
87068598
87068633
87068569
