87772421
87772430
87772548
87772481
87772465
87772486
87772509
87772512
87772563
87772491
87772466
87772475
87772454
87772536
87772439
87772560
87772428
87772561
87772477
87772490
87772461
87772567
87772457
87772557
87772541
87772464
87772449
87772534
87772538
87772420
87772515
87772480
87772558
87772442
87772531
87772496
87772495
87772494
87772417
87772453
87772540
87772497
87772432
87772550
87772455
87772516
87772530
87772566
87772460
87772506
87772476
87772470
87772429
87772462
87772416
87772427
87772547
87772535
87772508
87772537
87772443
87772551
87772556
87772513
87772552
87772426
87772562
87772438
87772415
87772431
87772542
87772444
87772525
87772546
87772504
87772555
87772514
87772503
87772565
87772419
87772448
87772463
87772450
87772479
87772511
87772414
87772545
87772445
87772422
87772501
87772528
87772482
87772452
87772456
87772533
87772436
87772527
87772425
87772564
87772489
87772467
87772539
87772559
87772523
87772441
87772492
87772474
87772487
87772493
87772526
87772473
87772458
87772423
87772435
87772434
87772484
87772507
87772543
87772532
87772483
87772499
87772517
87772437
87772519
87772468
87772524
87772520
87772478
87772544
87772440
87772522
87772424
87772413
87772510
87772459
87772554
87772505
87772500
87772488
87772521
87772472
87772502
87772451
87772549
87772469
87772433
87772471
87772529
87772447
87772553
87772418
87772446
87772485
87772518
87772498
