87568312
87568276
87568266
87568284
87568294
87568292
87568246
87568316
87568287
87568262
87568242
87568273
87568277
87568286
87568317
87568285
87568198
87568318
87568324
87568306
87568274
87568209
87568293
87568261
87568223
87568301
87568265
87568216
87568310
87568268
87568229
87568278
87568202
87568288
87568213
87568315
87568283
87568233
87568245
87568239
87568228
87568226
87568249
87568236
87568322
87568232
87568218
87568225
87568215
87568308
87568304
87568204
87568201
87568250
87568205
87568253
87568263
87568208
87568267
87568264
87568196
87568275
87568257
87568247
87568244
87568311
87568200
87568282
87568227
87568203
87568269
87568307
87568231
87568321
87568210
87568320
87568279
87568259
87568252
87568281
87568270
87568298
87568319
87568309
87568295
87568251
87568303
87568255
87568256
87568305
87568220
87568302
87568258
87568297
87568325
87568280
87568248
87568230
87568290
87568221
87568238
87568300
87568313
87568235
87568323
87568214
87568211
87568207
87568240
87568260
87568243
87568289
87568271
87568296
87568199
87568217
87568219
87568272
87568241
87568314
87568254
87568206
87568197
87568234
87568224
87568212
87568222
87568291
87568237
