88083164
88083187
88083156
88083239
88083173
88083128
88083223
88083146
88083225
88083211
88083244
88083139
88083131
88083200
88083233
88083176
88083264
88083120
88083196
88083206
88083246
88083231
88083256
88083261
88083133
88083259
88083213
88083129
88083215
88083255
88083114
88083194
88083217
88083115
88083119
88083168
88083171
88083126
88083190
88083110
88083232
88083202
88083154
88083169
88083125
88083203
88083247
88083183
88083197
88083234
88083181
88083260
88083216
88083124
88083150
88083148
88083208
88083205
88083112
88083172
88083224
88083145
88083251
88083263
88083155
88083142
88083107
88083207
88083204
88083228
88083180
88083153
88083108
88083158
88083229
88083199
88083117
88083132
88083227
88083165
88083266
88083144
88083179
88083222
88083209
88083201
88083212
88083243
88083268
88083198
88083214
88083152
88083258
88083184
88083238
88083241
88083253
88083269
88083162
88083182
88083109
88083111
88083189
88083191
88083136
88083116
88083236
88083177
88083210
88083163
88083193
88083113
88083218
88083159
88083252
88083178
88083174
88083170
88083175
88083118
88083230
88083235
88083121
88083160
88083257
88083271
88083130
88083137
88083195
88083157
88083161
88083167
88083135
88083141
88083270
88083134
88083138
88083192
88083149
88083123
88083151
88083219
88083254
88083226
88083188
88083267
88083127
88083240
88083220
88083166
88083237
88083140
88083265
88083262
88083122
88083185
88083143
88083245
88083248
88083147
88083242
88083186
88083249
88083250
88083221
