88887364
88887467
88887340
88887472
88887424
88887385
88887478
88887435
88887441
88887491
88887417
88887376
88887400
88887439
88887455
88887371
88887341
88887351
88887405
88887448
88887366
88887348
88887462
88887381
88887342
88887480
88887457
88887392
88887408
88887489
88887344
88887346
88887464
88887414
88887402
88887437
88887430
88887409
88887407
88887390
88887382
88887373
88887349
88887386
88887465
88887343
88887456
88887460
88887347
88887370
88887452
88887363
88887410
88887374
88887335
88887433
88887476
88887362
88887486
88887338
88887352
88887403
88887429
88887463
88887368
88887438
88887451
88887353
88887415
88887473
88887359
88887360
88887446
88887383
88887388
88887361
88887450
88887401
88887447
88887413
88887431
88887334
88887490
88887483
88887436
88887393
88887484
88887485
88887468
88887357
88887428
88887470
88887466
88887356
88887389
88887469
88887425
88887461
88887345
88887419
88887459
88887399
88887406
88887420
88887384
88887479
88887440
88887416
88887418
88887422
88887339
88887427
88887333
88887453
88887481
88887391
88887336
88887477
88887398
88887380
88887372
88887337
88887432
88887454
88887369
88887355
88887375
88887442
88887458
88887449
88887350
88887396
88887434
88887423
88887367
88887404
88887474
88887421
88887394
88887411
88887443
88887482
88887426
88887358
88887445
88887377
88887488
88887395
88887354
88887387
88887378
88887379
88887475
88887412
88887397
88887487
88887471
88887365
88887444
