88892966
88893030
88893076
88893113
88892977
88893061
88893070
88893057
88893080
88893107
88892996
88892955
88893108
88893087
88893068
88893062
88892985
88892965
88893034
88893092
88893073
88893119
88892989
88893123
88893120
88893083
88893001
88892993
88893104
88893084
88892998
88893019
88893121
88893028
88893002
88893112
88892971
88893111
88893004
88893017
88893090
88893096
88893036
88893037
88892962
88893024
88892960
88893082
88892975
88893122
88893099
88893021
88893086
88892987
88893056
88892986
88893101
88893103
88892956
88893060
88893046
88893051
88893032
88893059
88892973
88893013
88892983
88892991
88893114
88893074
88893094
88892999
88893064
88892974
88893053
88893105
88892957
88893042
88893022
88893118
88893005
88893078
88893031
88893038
88893009
88893055
88893071
88893067
88893066
88893010
88893045
88893052
88893016
88893077
88893089
88893095
88893020
88893049
88893025
88893039
88893075
88892968
88893008
88893093
88893035
88892984
88892978
88892969
88893044
88893088
88893023
88893048
88893027
88893109
88893043
88893054
88893081
88893011
88892980
88893065
88892976
88892961
88893018
88892964
88893091
88892981
88893106
88893006
88892990
88893015
88893000
88893026
88893047
88892994
88893040
88893041
88892967
88893063
88893014
88893007
88893069
88892992
88893050
88893115
88893116
88893012
88893033
88893085
88892972
88893058
88893003
88893110
88892959
88893029
88892958
88892997
88893100
88893102
88892979
88892995
88892988
88892970
88892982
88893072
88893117
88893079
88893098
88893097
88892963
