89089781
89089678
89089655
89089774
89089755
89089652
89089782
89089749
89089705
89089797
89089650
89089634
89089629
89089653
89089648
89089702
89089633
89089670
89089751
89089731
89089752
89089689
89089794
89089784
89089757
89089713
89089770
89089708
89089667
89089764
89089688
89089684
89089729
89089696
89089682
89089697
89089791
89089625
89089681
89089779
89089626
89089756
89089736
89089778
89089759
89089666
89089728
89089698
89089760
89089663
89089660
89089647
89089734
89089761
89089699
89089771
89089737
89089707
89089717
89089656
89089709
89089744
89089716
89089637
89089662
89089661
89089795
89089630
89089711
89089694
89089800
89089799
89089693
89089735
89089654
89089701
89089669
89089679
89089718
89089627
89089685
89089762
89089687
89089657
89089733
89089793
89089680
89089783
89089773
89089775
89089703
89089692
89089730
89089704
89089732
89089695
89089710
89089686
89089758
89089691
89089673
89089675
89089646
89089738
89089706
89089636
89089754
89089753
89089664
89089726
89089763
89089766
89089719
89089786
89089740
89089777
89089645
89089747
89089640
89089776
89089715
89089748
89089624
89089772
89089631
89089700
89089651
89089785
89089788
89089658
89089639
89089632
89089676
89089745
89089787
89089641
89089790
89089723
89089628
89089712
89089796
89089743
89089668
89089741
89089798
89089769
89089672
89089644
89089642
89089674
89089714
89089739
89089659
89089746
89089665
89089683
89089690
89089727
89089724
89089677
89089789
89089649
89089765
89089720
89089635
89089721
89089768
89089643
89089792
89089767
89089638
89089722
89089671
89089725
89089742
89089780
89089750
