89091348
89091313
89091276
89091287
89091373
89091344
89091317
89091246
89091327
89091239
89091308
89091350
89091331
89091279
89091296
89091255
89091315
89091372
89091340
89091291
89091271
89091339
89091322
89091241
89091272
89091357
89091234
89091245
89091250
89091253
89091303
89091227
89091261
89091319
89091224
89091242
89091270
89091328
89091225
89091365
89091228
89091280
89091232
89091254
89091275
89091251
89091223
89091278
89091249
89091323
89091369
89091247
89091326
89091352
89091290
89091301
89091267
89091294
89091318
89091297
89091368
89091230
89091363
89091282
89091334
89091256
89091265
89091329
89091299
89091337
89091355
89091285
89091310
89091262
89091306
89091283
89091286
89091222
89091370
89091257
89091353
89091243
89091300
89091360
89091259
89091341
89091288
89091324
89091226
89091366
89091229
89091293
89091252
89091264
89091302
89091237
89091263
89091307
89091236
89091359
89091233
89091260
89091330
89091358
89091349
89091325
89091244
89091309
89091338
89091345
89091292
89091342
89091240
89091284
89091316
89091371
89091367
89091332
89091356
89091305
89091335
89091268
89091374
89091235
89091304
89091361
89091238
89091314
89091321
89091343
89091258
89091336
89091362
89091289
89091277
89091320
89091281
89091269
89091351
89091266
89091231
89091248
89091333
89091354
89091347
89091295
89091312
89091298
89091221
89091311
89091364
89091346
89091274
89091220
89091273
