89436566
89436516
89436572
89436524
89436533
89436627
89436579
89436532
89436542
89436619
89436605
89436563
89436558
89436567
89436551
89436500
89436598
89436588
89436606
89436611
89436537
89436534
89436573
89436486
89436625
89436631
89436591
89436505
89436501
89436525
89436502
89436621
89436602
89436544
89436594
89436548
89436494
89436511
89436518
89436550
89436498
89436504
89436629
89436584
89436560
89436540
89436556
89436561
89436620
89436576
89436615
89436495
89436581
89436526
89436491
89436555
89436483
89436622
89436493
89436601
89436617
89436539
89436630
89436593
89436623
89436510
89436633
89436506
89436522
89436570
89436546
89436600
89436496
89436553
89436574
89436586
89436503
89436529
89436612
89436569
89436595
89436610
89436632
89436499
89436484
89436564
89436482
89436559
89436543
89436571
89436538
89436599
89436587
89436519
89436514
89436485
89436614
89436547
89436578
89436490
89436489
89436597
89436618
89436515
89436527
89436530
89436562
89436565
89436497
89436580
89436583
89436521
89436603
89436607
89436577
89436517
89436512
89436589
89436624
89436520
89436528
89436545
89436609
89436509
89436590
89436608
89436596
89436507
89436549
89436554
89436531
89436585
89436557
89436626
89436536
89436568
89436552
89436613
89436535
89436628
89436523
89436575
89436541
89436616
89436592
89436582
89436487
89436492
89436604
89436513
89436488
89436508
