89841583
89841602
89841574
89841588
89841568
89841595
89841668
89841564
89841591
89841594
89841634
89841608
89841648
89841610
89841667
89841569
89841517
89841531
89841542
89841530
89841645
89841585
89841626
89841586
89841607
89841604
89841663
89841576
89841539
89841566
89841541
89841629
89841609
89841538
89841605
89841599
89841625
89841611
89841617
89841659
89841615
89841518
89841640
89841509
89841650
89841662
89841532
89841600
89841592
89841526
89841657
89841528
89841579
89841642
89841557
89841544
89841553
89841660
89841596
89841658
89841533
89841641
89841515
89841504
89841514
89841548
89841561
89841527
89841661
89841573
89841513
89841618
89841546
89841516
89841612
89841508
89841537
89841665
89841511
89841510
89841577
89841616
89841545
89841551
89841651
89841623
89841524
89841637
89841540
89841633
89841581
89841601
89841646
89841643
89841558
89841627
89841630
89841554
89841519
89841632
89841543
89841653
89841619
89841534
89841555
89841505
89841571
89841621
89841522
89841525
89841622
89841560
89841636
89841575
89841565
89841624
89841512
89841552
89841635
89841521
89841589
89841603
89841587
89841520
89841529
89841649
89841563
89841590
89841647
89841644
89841656
89841582
89841580
89841666
89841654
89841613
89841556
89841550
89841638
89841578
89841639
89841549
89841559
89841598
89841597
89841628
89841570
89841655
89841664
89841547
89841506
89841507
89841593
89841536
89841614
89841584
89841562
89841631
89841523
89841606
89841535
89841572
89841567
89841652
89841620
