89619691
89619694
89619740
89619727
89619697
89619720
89619724
89619712
89619677
89619739
89619752
89619743
89619716
89619674
89619659
89619704
89619707
89619656
89619715
89619736
89619701
89619745
89619675
89619689
89619741
89619747
89619728
89619676
89619717
89619738
89619662
89619708
89619714
89619702
89619671
89619682
89619751
89619703
89619690
89619709
89619688
89619699
89619658
89619663
89619750
89619668
89619670
89619696
89619742
89619683
89619748
89619737
89619700
89619729
89619681
89619746
89619654
89619733
89619755
89619684
89619730
89619673
89619721
89619723
89619657
89619713
89619664
89619749
89619669
89619710
89619687
89619695
89619667
89619754
89619692
89619718
89619653
89619722
89619679
89619698
89619744
89619672
89619734
89619705
89619665
89619686
89619725
89619661
89619666
89619732
89619655
89619685
89619726
89619719
89619731
89619735
89619753
89619693
89619678
89619706
89619660
89619711
89619680
