89846529
89846527
89846551
89846480
89846474
89846545
89846458
89846557
89846477
89846467
89846532
89846471
89846552
89846453
89846548
89846591
89846448
89846563
89846496
89846517
89846555
89846525
89846489
89846483
89846456
89846558
89846516
89846464
89846484
89846461
89846567
89846514
89846592
89846542
89846493
89846534
89846472
89846475
89846584
89846579
89846481
89846451
89846466
89846537
89846556
89846570
89846598
89846508
89846549
89846568
89846495
89846510
89846498
89846441
89846444
89846486
89846443
89846544
89846593
89846536
89846491
89846547
89846462
89846577
89846596
89846507
89846520
89846476
89846594
89846457
89846506
89846503
89846446
89846543
89846540
89846485
89846468
89846588
89846569
89846535
89846512
89846575
89846442
89846515
89846578
89846500
89846465
89846518
89846572
89846455
89846554
89846482
89846473
89846521
89846470
89846530
89846533
89846504
89846509
89846452
89846539
89846561
89846560
89846490
89846499
89846566
89846528
89846524
89846459
89846513
89846573
89846581
89846502
89846450
89846445
89846463
89846576
89846522
89846559
89846531
89846564
89846505
89846587
89846595
89846565
89846487
89846583
89846546
89846478
89846586
89846526
89846492
89846562
89846460
89846553
89846550
89846447
89846589
89846511
89846582
89846519
89846469
89846599
89846541
89846597
89846479
89846501
89846580
89846590
89846523
89846571
89846488
89846454
89846497
89846574
89846494
89846585
89846449
89846538
