89845099
89845023
89845005
89844973
89845086
89845090
89844969
89844986
89844987
89845068
89844992
89845004
89845110
89845040
89845053
89844985
89845036
89845106
89845019
89845003
89844971
89845007
89845025
89845066
89845056
89845044
89845071
89845026
89845103
89844963
89844967
89844990
89845033
89845107
89845082
89845063
89845052
89845059
89845111
89845018
89845093
89845100
89844964
89844977
89845109
89845028
89845001
89845014
89844981
89844994
89845096
89845058
89845101
89845008
89845081
89845075
89844979
89845034
89845051
89844966
89845016
89844980
89845012
89845083
89845057
89844965
89844976
89845046
89845080
89845035
89844991
89844960
89845054
89844968
89845041
89844999
89845073
89845055
89845067
89845104
89845085
89845072
89845060
89844974
89845042
89845069
89845017
89845049
89844972
89845092
89845006
89845010
89845030
89844975
89845070
89844997
89844993
89845074
89845097
89845022
89845011
89845000
89845078
89845037
89845029
89844989
89845048
89844978
89845089
89844982
89845050
89845032
89845095
89844959
89845045
89845009
89845027
89844983
89845015
89845062
89845047
89845108
89844996
89845094
89844970
89845112
89845077
89845021
89844984
89844957
89845088
89845102
89845061
89845079
89845038
89844988
89845084
89844998
89844961
89845043
89844962
89844958
89845002
89845039
89845031
89845098
89845013
89845087
89845024
89845020
89845105
89845091
89845065
89844995
89845076
89845064
