90830709
90830608
90830681
90830659
90830684
90830654
90830667
90830706
90830739
90830727
90830724
90830639
90830605
90830676
90830637
90830675
90830748
90830679
90830672
90830678
90830622
90830669
90830641
90830609
90830611
90830644
90830666
90830751
90830651
90830730
90830733
90830712
90830643
90830603
90830636
90830682
90830685
90830715
90830671
90830688
90830702
90830736
90830707
90830604
90830746
90830743
90830612
90830615
90830674
90830606
90830719
90830713
90830660
90830693
90830663
90830696
90830716
90830601
90830599
90830690
90830749
90830740
90830649
90830600
90830618
90830729
90830635
90830754
90830699
90830638
90830670
90830616
90830653
90830673
90830650
90830613
90830634
90830750
90830745
90830655
90830657
90830742
90830632
90830710
90830602
90830668
90830664
90830691
90830720
90830753
90830661
90830625
90830628
90830694
90830633
90830665
90830717
90830656
90830744
90830752
90830714
90830711
90830722
90830726
90830630
90830689
90830646
90830718
90830747
90830658
90830723
90830607
90830755
90830697
90830703
90830647
90830708
90830629
90830620
90830652
90830732
90830735
90830705
90830626
90830623
90830704
90830725
90830731
90830677
90830621
90830614
90830741
90830640
90830734
90830627
90830721
90830680
90830686
90830631
90830701
90830700
90830695
90830648
90830617
90830683
90830728
90830624
90830737
90830698
90830610
90830645
90830692
90830662
90830738
90830687
90830619
90830642
