90829314
90829332
90829350
90829282
90829309
90829363
90829359
90829295
90829301
90829409
90829408
90829394
90829278
90829277
90829377
90829364
90829381
90829300
90829395
90829382
90829264
90829400
90829313
90829315
90829265
90829302
90829351
90829326
90829375
90829339
90829358
90829362
90829284
90829345
90829297
90829328
90829280
90829402
90829312
90829275
90829379
90829343
90829334
90829384
90829365
90829338
90829383
90829294
90829353
90829308
90829276
90829401
90829342
90829331
90829380
90829335
90829283
90829376
90829357
90829279
90829368
90829346
90829298
90829391
90829387
90829327
90829405
90829320
90829398
90829316
90829268
90829272
90829361
90829305
90829341
90829323
90829399
90829273
90829318
90829310
90829372
90829291
90829349
90829287
90829367
90829319
90829337
90829354
90829336
90829324
90829410
90829340
90829306
90829304
90829290
90829292
90829360
90829317
90829371
90829299
90829392
90829373
90829286
90829267
90829269
90829356
90829404
90829369
90829390
90829386
90829271
90829411
90829321
90829325
90829352
90829266
90829388
90829406
90829397
90829330
90829366
90829348
90829288
90829393
90829347
90829378
90829311
90829370
90829307
90829289
90829293
90829281
90829322
90829403
90829389
90829263
90829333
90829274
90829396
90829407
90829355
90829270
90829374
90829296
90829385
90829329
90829285
90829344
90829303
