90914681
90914663
90914731
90914708
90914726
90914780
90914676
90914789
90914650
90914744
90914758
90914776
90914793
90914757
90914658
90914763
90914788
90914762
90914775
90914707
90914732
90914743
90914745
90914693
90914756
90914800
90914659
90914680
90914689
90914739
90914795
90914709
90914730
90914695
90914713
90914665
90914678
90914700
90914682
90914706
90914751
90914733
90914652
90914702
90914711
90914782
90914728
90914769
90914692
90914773
90914688
90914759
90914774
90914669
90914747
90914710
90914729
90914674
90914792
90914770
90914662
90914714
90914781
90914736
90914651
90914703
90914777
90914655
90914696
90914785
90914766
90914677
90914666
90914755
90914670
90914725
90914796
90914672
90914690
90914722
90914735
90914753
90914803
90914654
90914667
90914685
90914740
90914748
90914798
90914698
90914704
90914699
90914721
90914686
90914717
90914802
90914673
90914691
90914705
90914671
90914648
90914741
90914718
90914799
90914790
90914660
90914765
90914752
90914684
90914767
90914784
90914778
90914797
90914754
90914737
90914771
90914715
90914742
90914724
90914760
90914683
90914656
90914801
90914720
90914764
90914719
90914697
90914786
90914687
90914791
90914787
90914661
90914657
90914746
90914750
90914664
90914734
90914761
90914712
90914716
90914772
90914675
90914727
90914668
90914723
90914749
90914794
90914768
90914679
90914649
90914779
90914701
90914694
90914783
90914738
90914653
