90914859
90914909
90914882
90914900
90914913
90914932
90914896
90914928
90914908
90914875
90914934
90914897
90914893
90914929
90914925
90914870
90914915
90914871
90914885
90914863
90914886
90914936
90914918
90914891
90914860
90914872
90914867
90914890
90914917
90914921
90914892
90914923
90914916
90914920
90914902
90914887
90914898
90914924
90914861
90914880
90914862
90914864
90914865
90914866
90914868
90914869
90914873
90914874
90914876
90914877
90914878
90914879
90914881
90914883
90914884
90914888
90914889
90914894
90914895
90914899
90914901
90914903
90914904
90914905
90914906
90914907
90914910
90914911
90914912
90914914
90914919
90914922
90914926
90914927
90914930
90914931
90914933
90914935
