90913874
90913872
90913942
90913906
90913892
90913940
90913949
90913875
90913912
90913903
90913907
90913948
90913929
90913934
90913890
90913904
90913867
90913911
90913900
90913937
90913930
90913926
90913878
90913864
90913914
90913933
90913951
90913883
90913931
90913896
90913877
90913894
90913943
90913916
90913884
90913880
90913947
90913898
90913865
90913935
90913876
90913928
90913902
90913891
90913923
90913941
90913868
90913887
90913869
90913886
90913918
90913899
90913882
90913950
90913945
90913927
90913932
90913946
90913881
90913908
90913920
90913944
90913879
90913866
90913901
90913870
90913925
90913888
90913921
90913917
90913924
90913939
90913913
90913895
90913909
90913873
90913936
90913910
90913905
90913885
90913919
90913938
90913952
90913871
90913893
90913897
90913915
90913922
90913889
