90913676
90913689
90913675
90913657
90913680
90913644
90913663
90913650
90913645
90913662
90913658
90913688
90913677
90913681
90913694
90913638
90913696
90913660
90913664
90913656
90913674
90913686
90913659
90913652
90913693
90913697
90913682
90913648
90913667
90913671
90913678
90913641
90913637
90913698
90913640
90913685
90913690
90913668
90913672
90913683
90913655
90913636
90913642
90913670
90913649
90913653
90913666
90913679
90913669
90913651
90913673
90913646
90913647
90913692
90913661
90913687
90913691
90913643
90913639
90913684
90913665
90913695
90913654
