90911918
90911936
90911954
90911868
90911855
90911886
90911990
90912040
90911949
90912022
90911860
90911873
90911999
90911941
90912035
90911998
90911986
90911967
90912036
90912041
90911985
90912049
90911972
90911854
90911968
90912010
90911953
90911867
90911892
90911955
90912021
90911973
90911919
90911849
90911917
90911942
90911966
90911869
90911890
90911904
90912023
90911856
90911910
90912017
90911921
90911899
90911940
90912034
90911992
90911923
90911906
90911888
90912004
90911952
90911925
90911866
90911893
90911934
90911907
90912011
90912047
90911897
90911929
90911974
90912006
90911970
90912025
90911903
90912007
90911996
90911871
90911956
90911870
90911930
90912037
90911960
90911997
90911971
90911944
90911926
90912003
90911874
90911878
90912048
90912014
90911982
90911889
90911937
90911933
90911885
90911852
90911978
90912044
90912018
90911959
90911911
90911948
90911993
90911922
90911863
90912033
90911989
90912029
90911909
90911981
90912000
90911927
90911882
90911859
90911963
90912013
90911932
90912031
90911950
90911958
90911864
90911945
90911877
90912026
90911900
90911901
90911913
90912009
90911896
90911895
90911931
90911914
90912008
90911908
90911962
90911894
90911928
90912030
90911915
90912039
90911975
90912043
90911881
90911988
90912045
90911977
90912028
90912015
90911994
90911851
90911862
90912032
90911964
90911951
90911858
90911947
90911857
90911875
90911884
90912002
90911961
90912020
90911965
90911938
90911880
90911983
90911912
90911916
90911902
90911979
90912019
90912042
90912038
90911969
90911853
90911939
90912024
90911984
90912012
90911883
90911879
90911943
90912001
90911980
90911935
90911865
90911946
90911876
90911957
90912005
90911872
90911861
90911924
90911898
90911991
90911920
90911995
90911987
90912027
90912046
90911905
90911887
90912050
90911891
90912016
90911976
90911850
