91637913
91637895
91637881
91637932
91637911
91637870
91637906
91637888
91637893
91637907
91637896
91637929
91637899
91637935
91637910
91637871
91637884
91637897
91637873
91637920
91637883
91637938
91637919
91637924
91637880
91637927
91637872
91637916
91637869
91637874
91637875
91637876
91637877
91637878
91637879
91637882
91637885
91637886
91637887
91637889
91637890
91637891
91637892
91637894
91637898
91637900
91637901
91637902
91637903
91637904
91637905
91637908
91637909
91637912
91637914
91637915
91637917
91637918
91637921
91637922
91637923
91637925
91637926
91637928
91637930
91637931
91637933
91637934
91637936
91637937
