91639364
91639365
91639366
91639369
91639370
91639371
91639372
91639379
91639381
91639384
91639385
91639386
91639388
91639390
91639392
91639395
91639396
91639397
91639400
91639404
91639405
91639406
91639407
91639408
91639410
91639411
91639413
91639415
91639416
91639417
91639420
91639421
91639426
91639428
91639431
91639439
91639440
91639441
91639442
91639443
91639446
91639452
91639402
91639433
91639378
91639401
91639383
91639403
91639450
91639382
91639398
91639429
91639448
91639435
91639449
91639368
91639394
91639367
91639427
91639412
91639423
91639445
91639419
91639434
91639375
91639424
91639438
91639437
91639430
91639380
91639389
91639393
91639376
91639391
91639374
91639418
91639387
91639422
91639377
91639409
91639444
91639414
91639432
91639425
91639373
91639447
91639436
91639399
91639451
