91637301
91637264
91637309
91637265
91637327
91637328
91637315
91637282
91637278
91637296
91637295
91637270
91637283
91637314
91637302
91637297
91637277
91637281
91637258
91637321
91637298
91637312
91637316
91637308
91637284
91637294
91637272
91637279
91637313
91637261
91637268
91637324
91637320
91637257
91637291
91637276
91637280
91637305
91637287
91637310
91637269
91637260
91637273
91637255
91637299
91637304
91637256
91637317
91637275
91637292
91637319
91637290
91637286
91637262
91637323
91637288
91637306
91637303
91637289
91637285
91637326
91637325
91637267
91637266
91637271
91637300
91637311
91637329
91637274
91637293
91637307
91637259
91637322
91637263
91637318
