91635934
91635916
91635871
91635921
91635929
91635866
91635879
91635902
91635898
91635867
91635903
91635920
91635885
91635884
91635897
91635915
91635865
91635933
91635935
91635922
91635878
91635873
91635914
91635918
91635895
91635909
91635896
91635869
91635928
91635932
91635892
91635881
91635906
91635858
91635917
91635870
91635899
91635888
91635910
91635877
91635936
91635907
91635925
91635875
91635930
91635862
91635857
91635863
91635926
91635924
91635861
91635887
91635874
91635913
91635900
91635889
91635859
91635880
91635893
91635876
91635911
91635882
91635891
91635864
91635923
91635927
91635886
91635905
91635901
91635868
91635860
91635872
91635890
91635883
91635856
91635931
91635904
91635908
91635894
91635912
91635919
