91835219
91835225
91835226
91835230
91835232
91835234
91835235
91835236
91835238
91835239
91835240
91835244
91835247
91835250
91835253
91835254
91835259
91835260
91835264
91835266
91835267
91835268
91835269
91835270
91835271
91835272
91835273
91835275
91835276
91835279
91835280
91835281
91835282
91835284
91835285
91835287
91835290
91835294
91835262
91835231
91835257
91835263
91835289
91835255
91835258
91835221
91835218
91835252
91835265
91835220
91835233
91835229
91835291
91835237
91835278
91835241
91835283
91835242
91835223
91835286
91835293
91835227
91835261
91835274
91835246
91835228
91835251
91835224
91835277
91835243
91835288
91835292
91835217
91835248
91835222
91835245
91835249
91835256
