91843915
91843934
91843947
91843952
91843902
91843920
91843921
91843916
91843948
91843981
91843963
91843910
91843962
91843906
91843966
91843970
91843969
91843987
91843973
91843989
91843960
91843913
91843941
91843937
91843900
91843927
91843945
91843923
91843905
91843976
91843950
91843919
91843908
91843933
91843946
91843982
91843922
91843935
91843909
91843954
91843918
91843914
91843985
91843959
91843932
91843977
91843938
91843961
91843943
91843956
91843988
91843980
91843939
91843930
91843972
91843912
91843965
91843903
91843929
91843971
91843984
91843899
91843958
91843944
91843955
91843926
91843924
91843986
91843942
91843968
91843931
91843979
91843928
91843978
91843917
91843940
91843951
91843925
91843907
91843975
91843957
91843974
91843911
91843904
91843953
91843964
91843901
91843949
91843983
91843967
91843936
