91834927
91834929
91834947
91834934
91834867
91834890
91834928
91834902
91834871
91834936
91834918
91834877
91834882
91834859
91834941
91834910
91834858
91834885
91834881
91834933
91834866
91834907
91834861
91834874
91834869
91834863
91834939
91834895
91834930
91834864
91834923
91834905
91834887
91834898
91834912
91834897
91834921
91834878
91834932
91834899
91834896
91834940
91834875
91834880
91834893
91834906
91834889
91834900
91834945
91834909
91834891
91834946
91834894
91834879
91834942
91834883
91834901
91834884
91834920
91834915
91834944
91834892
91834888
91834913
91834926
91834860
91834904
91834908
91834931
91834916
91834903
91834935
91834865
91834917
91834873
91834922
91834914
91834870
91834857
91834925
91834911
91834862
91834937
91834876
91834924
91834943
91834886
91834868
91834919
91834872
91834938
