91837428
91837429
91837430
91837431
91837434
91837435
91837436
91837437
91837438
91837439
91837440
91837441
91837442
91837444
91837447
91837448
91837449
91837450
91837451
91837454
91837455
91837457
91837458
91837459
91837460
91837461
91837462
91837470
91837473
91837474
91837475
91837476
91837477
91837479
91837480
91837481
91837482
91837469
91837466
91837471
91837456
91837452
91837463
91837432
91837427
91837445
91837453
91837472
91837468
91837467
91837478
91837433
91837446
91837464
91837443
91837465
