91841748
91841721
91841779
91841723
91841734
91841755
91841770
91841742
91841747
91841792
91841787
91841720
91841716
91841724
91841731
91841713
91841776
91841744
91841763
91841745
91841781
91841760
91841786
91841797
91841771
91841741
91841798
91841722
91841735
91841790
91841717
91841772
91841736
91841753
91841746
91841728
91841732
91841750
91841754
91841780
91841757
91841775
91841777
91841714
91841738
91841725
91841715
91841796
91841733
91841774
91841730
91841800
91841793
91841767
91841778
91841768
91841719
91841783
91841766
91841769
91841773
91841791
91841784
91841765
91841789
91841726
91841727
91841758
91841762
91841794
91841801
91841729
91841752
91841718
91841737
91841740
91841785
91841799
91841761
91841739
91841743
91841795
91841788
91841764
91841756
91841759
91841782
91841749
91841751
