91944332
91944351
91944352
91944355
91944358
91944359
91944368
91944386
91944388
91944389
91944354
91944381
91944363
91944336
91944385
91944376
91944372
91944350
91944345
91944353
91944362
91944344
91944342
91944331
91944364
91944379
91944377
91944340
91944366
91944349
91944383
91944370
91944361
91944334
91944338
91944365
91944356
91944330
91944347
91944343
91944387
91944369
91944357
91944374
91944375
91944333
91944371
91944380
91944335
91944346
91944373
91944339
91944348
91944384
91944360
91944378
91944367
91944382
91944337
91944341
