91946364
91946365
91946366
91946367
91946369
91946370
91946371
91946372
91946373
91946374
91946375
91946379
91946380
91946381
91946382
91946383
91946385
91946386
91946387
91946388
91946389
91946392
91946393
91946396
91946397
91946399
91946400
91946401
91946403
91946404
91946405
91946406
91946408
91946409
91946410
91946412
91946413
91946414
91946415
91946416
91946419
91946420
91946421
91946423
91946424
91946425
91946426
91946427
91946428
91946429
91946430
91946431
91946432
91946433
91946378
91946361
91946391
91946368
91946377
91946394
91946376
91946363
91946422
91946362
91946434
91946398
91946417
91946390
91946395
91946418
91946407
91946402
91946384
91946411
