91946711
91946712
91946713
91946714
91946716
91946717
91946720
91946722
91946724
91946726
91946728
91946729
91946730
91946731
91946732
91946733
91946735
91946736
91946737
91946739
91946740
91946742
91946743
91946744
91946745
91946746
91946747
91946748
91946749
91946750
91946752
91946754
91946755
91946756
91946757
91946758
91946759
91946761
91946763
91946765
91946767
91946768
91946769
91946770
91946771
91946772
91946774
91946775
91946776
91946777
91946779
91946781
91946784
91946785
91946787
91946788
91946789
91946790
91946794
91946797
91946798
91946799
91946718
91946741
91946710
91946723
91946762
91946764
91946782
91946751
91946795
91946715
91946760
91946786
91946773
91946738
91946734
91946792
91946783
91946796
91946725
91946721
91946778
91946793
91946719
91946791
91946753
91946780
91946766
91946727
