91946092
91946160
91946142
91946133
91946146
91946119
91946115
91946096
91946106
91946151
91946155
91946159
91946087
91946101
91946111
91946110
91946088
91946141
91946137
91946093
91946124
91946136
91946143
91946134
91946109
91946154
91946086
91946123
91946156
91946095
91946130
91946147
91946099
91946158
91946102
91946121
91946104
91946132
91946097
91946128
91946145
91946144
91946135
91946153
91946126
91946117
91946108
91946094
91946090
91946139
91946131
91946113
91946122
91946100
91946148
91946140
91946112
91946089
91946149
91946161
91946107
91946150
91946127
91946152
91946125
91946114
91946105
91946138
91946118
91946091
91946098
91946157
91946129
91946085
91946116
91946103
91946120
