91945041
91945050
91945099
91945063
91945072
91945059
91945109
91945049
91945076
91945067
91945108
91945094
91945077
91945095
91945064
91945081
91945054
91945082
91945100
91945101
91945042
91945103
91945089
91945080
91945046
91945096
91945107
91945055
91945074
91945068
91945091
91945085
91945087
91945098
91945105
91945044
91945061
91945057
91945102
91945052
91945088
91945079
91945043
91945106
91945097
91945047
91945084
91945093
91945066
91945048
91945083
91945070
91945065
91945078
91945053
91945040
91945060
91945071
91945051
91945075
91945092
91945039
91945073
91945058
91945056
91945062
91945069
91945045
91945104
91945086
91945090
