91946475
91946478
91946480
91946481
91946483
91946484
91946485
91946486
91946487
91946488
91946489
91946492
91946493
91946495
91946499
91946500
91946501
91946502
91946503
91946507
91946509
91946511
91946514
91946516
91946519
91946520
91946521
91946522
91946523
91946525
91946526
91946527
91946496
91946510
91946506
91946524
91946482
91946477
91946497
91946515
91946517
91946490
91946504
91946476
91946513
91946494
91946512
91946508
91946479
91946518
91946491
91946505
91946498
91946475
91946478
91946480
91946481
91946483
91946484
91946485
91946486
91946487
91946488
91946489
91946492
91946493
91946495
91946499
91946500
91946501
91946502
91946503
91946507
91946509
91946511
91946514
91946516
91946519
91946520
91946521
91946522
91946523
91946525
91946526
91946527
