91944235
91944236
91944237
91944238
91944239
91944241
91944242
91944243
91944244
91944245
91944246
91944248
91944250
91944251
91944252
91944254
91944256
91944257
91944258
91944262
91944263
91944265
91944266
91944267
91944271
91944272
91944274
91944275
91944277
91944278
91944279
91944282
91944285
91944287
91944288
91944289
91944253
91944231
91944230
91944284
91944249
91944281
91944283
91944270
91944269
91944240
91944234
91944247
91944268
91944264
91944273
91944286
91944232
91944260
91944255
91944276
91944261
91944233
91944280
91944259
