91945203
91945230
91945225
91945221
91945252
91945234
91945243
91945247
91945239
91945229
91945197
91945257
91945256
91945244
91945262
91945261
91945198
91945220
91945216
91945240
91945206
91945231
91945204
91945242
91945190
91945217
91945192
91945199
91945251
91945255
91945264
91945238
91945219
91945194
91945188
91945208
91945253
91945236
91945212
91945249
91945223
91945205
91945232
91945250
91945201
91945210
91945209
91945227
91945263
91945259
91945191
91945218
91945214
91945196
91945187
91945258
91945186
91945246
91945228
91945233
91945245
91945222
91945213
91945215
91945211
91945235
91945226
91945202
91945260
91945248
91945265
91945195
91945200
91945254
91945193
91945207
91945189
91945224
91945237
91945241
