92713585
92713567
92713568
92713569
92713570
92713571
92713572
92713573
92713574
92713575
92713576
92713577
92713578
92713579
92713580
92713581
92713582
92713583
92713584
92713586
92713587
92713588
92713589
92713590
92713591
92713592
92713593
92713594
92713595
92713596
92713597
92713598
92713599
92713600
92713601
92713602
92713603
92713604
92713605
92713606
92713607
92713608
92713609
92713610
92713611
92713612
92713613
92713614
92713615
92713616
92713617
92713618
92713619
92713620
92713621
92713622
92713623
92713624
92713625
92713626
92713627
92713628
92713629
92713630
92713631
92713632
92713633
92713634
92713635
92713636
92713637
92713638
92713639
92713640
92713641
92713642
92713643
92713644
92713645
92713646
92713647
