92712623
92712624
92712625
92712626
92712627
92712628
92712629
92712630
92712631
92712632
92712633
92712634
92712635
92712636
92712637
92712638
92712639
92712640
92712641
92712642
92712643
92712644
92712645
92712646
92712647
92712648
92712649
92712650
92712651
92712652
92712653
92712654
92712655
92712656
92712657
92712658
92712659
92712660
92712661
92712662
92712663
92712664
92712665
92712666
92712667
92712668
92712669
92712670
92712671
92712672
92712673
92712674
92712675
92712676
92712677
92712678
92712679
92712680
92712681
92712682
92712683
92712684
92712685
92712686
92712687
92712688
92712689
92712690
92712691
92712692
92712693
92712694
92712695
92712696
92712697
92712698
92712699
92712700
92712701
92712702
92712703
92712704
92712705
92712706
92712707
92712708
92712709
92712710
92712711
92712712
92712713
92712714
92712715
92712716
92712717
92712718
92712719
92712720
92712721
92712722
92712723
92712724
92712725
92712726
92712727
92712728
92712729
92712730
92712731
92712732
92712733
92712734
92712735
92712736
92712737
92712738
92712739
