92713290
92713291
92713292
92713293
92713294
92713295
92713296
92713297
92713298
92713299
92713300
92713301
92713302
92713303
92713304
92713305
92713306
92713307
92713308
92713309
92713310
92713311
92713312
92713313
92713314
92713315
92713316
92713317
92713318
92713319
92713320
92713321
92713322
92713323
92713324
92713325
92713326
92713327
92713328
92713329
92713330
92713331
92713332
92713333
92713334
92713335
92713336
92713337
92713338
92713339
92713340
92713341
92713342
92713343
92713344
92713345
92713346
92713347
92713348
92713349
92713350
92713351
92713352
92713353
92713354
92713355
92713356
92713357
92713358
92713359
92713360
92713361
92713362
92713363
92713364
92713365
92713366
92713367
92713368
92713369
92713370
92713371
92713372
