92713996
92713997
92713998
92713999
92714000
92714001
92714002
92714003
92714004
92714005
92714006
92714007
92714008
92714009
92714010
92714011
92714012
92714013
92714014
92714015
92714016
92714017
92714018
92714019
92714020
92714021
92714022
92714023
92714024
92714025
92714026
92714027
92714028
92714029
92714030
92714031
92714032
92714033
92714034
92714035
92714036
92714037
92714038
92714039
92714040
92714041
92714042
92714043
92714044
92714045
92714046
92714047
92714048
92714049
92714050
92714051
92714052
92714053
92714054
92714055
92714056
92714057
92714058
92714059
92714060
92714061
92714062
92714063
92714064
92714065
92714066
92714067
92714068
92714069
92714070
92714071
92714072
92714073
92714074
92714075
92714076
92714077
92714078
92714079
92714080
92714081
92714082
92714083
92714084
92714085
92714086
92714087
92714088
92714089
92714090
92714091
