92519041
92519042
92519043
92519044
92519045
92519046
92519047
92519048
92519049
92519050
92519051
92519052
92519053
92519054
92519055
92519056
92519057
92519058
92519059
92519060
92519061
92519062
92519063
92519064
92519065
92519066
92519067
92519068
92519069
92519070
92519071
92519072
92519073
92519074
92519075
92519076
92519077
92519078
92519079
92519080
92519081
92519082
92519083
92519084
92519085
92519086
92519087
92519088
92519089
92519090
92519091
92519092
92519093
92519094
92519095
92519096
92519097
92519098
92519099
92519100
92519101
92519102
92519103
92519104
92519105
92519106
92519107
92519108
92519109
92519110
92519111
92519112
92519113
92519114
92519115
92519116
92519117
92519118
92519119
92519120
92519121
92519122
92519123
92519124
92519125
92519126
92519127
92519128
92519129
92519130
92519131
92519132
92519133
92519134
92519135
92519136
92519137
92519138
92519139
92519140
92519141
92519142
92519143
92519144
