92516372
92516373
92516374
92516375
92516376
92516377
92516378
92516379
92516380
92516381
92516382
92516383
92516384
92516385
92516386
92516387
92516388
92516389
92516390
92516391
92516392
92516393
92516394
92516395
92516396
92516397
92516398
92516399
92516400
92516401
92516402
92516403
92516404
92516405
92516406
92516407
92516408
92516409
92516410
92516411
92516412
92516413
92516414
92516415
92516416
92516417
92516418
92516419
92516420
92516421
92516422
92516423
92516424
92516425
92516426
92516427
92516428
92516429
92516430
92516431
92516432
92516433
92516434
92516435
92516436
92516437
92516438
92516439
92516440
92516441
92516442
92516443
92516444
92516445
92516446
92516447
92516448
92516449
92516450
92516451
92516452
92516453
92516454
92516455
92516456
92516457
