92517677
92517678
92517679
92517680
92517681
92517682
92517683
92517684
92517685
92517686
92517687
92517688
92517689
92517690
92517691
92517692
92517693
92517694
92517695
92517696
92517697
92517698
92517699
92517700
92517701
92517702
92517703
92517704
92517705
92517706
92517707
92517708
92517709
92517710
92517711
92517712
92517713
92517714
92517715
92517716
92517717
92517718
92517719
92517720
92517721
92517722
92517723
92517724
92517725
92517726
92517727
92517728
92517729
92517730
92517731
92517732
92517733
92517734
92517735
92517736
92517737
92517738
92517739
92517740
92517741
92517742
92517743
92517744
92517745
92517746
92517747
92517748
92517749
92517750
92517751
92517752
92517753
92517754
92517755
92517756
92517757
92517758
92517759
92517760
92517761
92517762
92517763
92517764
92517765
92517766
92517767
92517768
92517769
92517770
92517771
92517772
92517773
92517774
92517775
92517776
92517777
92517778
92517779
92517780
92517781
92517782
92517783
92517784
92517785
92517786
92517787
92517788
92517789
92517790
