92517547
92517548
92517549
92517550
92517551
92517552
92517553
92517554
92517555
92517647
92517648
92517649
92517650
92517651
92517556
92517557
92517558
92517559
92517560
92517561
92517562
92517563
92517564
92517565
92517566
92517567
92517568
92517569
92517570
92517571
92517572
92517573
92517574
92517575
92517576
92517577
92517578
92517579
92517580
92517581
92517582
92517583
92517584
92517585
92517586
92517587
92517588
92517589
92517590
92517591
92517592
92517593
92517594
92517595
92517596
92517597
92517598
92517599
92517600
92517601
92517602
92517603
92517604
92517605
92517606
92517607
92517608
92517609
92517610
92517611
92517612
92517613
92517614
92517615
92517616
92517617
92517618
92517619
92517620
92517621
92517622
92517623
92517624
92517625
92517626
92517627
92517628
92517629
92517630
92517631
92517632
92517633
92517634
92517635
92517636
92517637
92517638
92517639
92517640
92517641
92517642
92517643
92517644
92517645
92517646
92517652
92517653
92517654
92517655
92517656
92517657
92517658
92517659
92517660
92517661
92517662
92517663
