92515464
92515465
92515466
92515467
92515468
92515469
92515470
92515471
92515472
92515473
92515474
92515475
92515476
92515477
92515478
92515479
92515480
92515481
92515482
92515483
92515484
92515485
92515486
92515487
92515488
92515489
92515490
92515491
92515492
92515493
92515494
92515495
92515496
92515497
92515498
92515499
92515500
92515501
92515502
92515503
92515504
92515505
92515506
92515507
92515508
92515509
92515510
92515511
92515512
92515513
92515514
92515515
92515516
92515517
92515518
92515519
92515520
92515521
92515522
92515523
92515524
92515525
92515526
92515527
92515528
92515529
92515530
92515531
92515532
92515533
92515534
92515535
92515536
92515537
92515538
92515539
92515540
92515541
92515542
92515543
92515544
92515545
92515546
