92518786
92518787
92518788
92518789
92518790
92518791
92518792
92518793
92518794
92518795
92518796
92518797
92518830
92518831
92518832
92518833
92518834
92518835
92518836
92518837
92518838
92518747
92518748
92518749
92518750
92518886
92518887
92518751
92518752
92518753
92518754
92518755
92518756
92518757
92518758
92518759
92518760
92518761
92518762
92518763
92518764
92518765
92518766
92518767
92518768
92518769
92518770
92518771
92518772
92518773
92518774
92518775
92518776
92518777
92518778
92518779
92518780
92518781
92518782
92518783
92518784
92518785
92518798
92518799
92518800
92518801
92518802
92518803
92518804
92518805
92518806
92518807
92518808
92518809
92518810
92518811
92518812
92518813
92518814
92518815
92518816
92518817
92518818
92518819
92518820
92518821
92518822
92518823
92518824
92518825
92518826
92518827
92518828
92518829
92518839
92518840
92518841
92518842
92518843
92518844
92518845
92518846
92518847
92518848
92518849
92518850
92518851
92518852
92518853
92518854
92518855
92518856
92518857
92518858
92518859
92518860
92518861
92518862
92518863
92518864
92518865
92518866
92518867
92518868
92518869
92518870
92518871
92518872
92518873
92518874
92518875
92518876
92518877
92518878
92518879
92518880
92518881
92518882
92518883
92518884
92518885
