92518409
92518410
92518411
92518412
92518413
92518414
92518415
92518416
92518417
92518418
92518419
92518420
92518421
92518422
92518423
92518424
92518425
92518426
92518427
92518428
92518429
92518430
92518431
92518432
92518433
92518434
92518435
92518436
92518437
92518438
92518439
92518440
92518441
92518442
92518443
92518444
92518445
92518446
92518447
92518448
92518449
92518450
92518451
92518452
92518453
92518454
92518455
92518456
92518457
92518458
92518459
92518460
92518461
92518462
92518463
92518464
92518465
92518466
92518467
92518468
92518469
92518470
92518471
92518472
92518473
92518474
92518475
92518476
92518477
92518478
92518479
92518480
92518481
92518482
92518483
92518484
92518485
92518486
92518487
92518488
92518489
