92516706
92516707
92516708
92516709
92516710
92516711
92516712
92516713
92516714
92516715
92516716
92516717
92516718
92516719
92516720
92516721
92516722
92516723
92516724
92516725
92516726
92516727
92516728
92516729
92516730
92516731
92516732
92516733
92516734
92516735
92516736
92516737
92516738
92516739
92516740
92516741
92516742
92516743
92516744
92516745
92516746
92516747
92516748
92516749
92516750
92516751
92516752
92516753
92516754
92516755
92516756
92516757
92516758
92516759
92516760
92516761
92516762
92516763
92516764
92516765
92516766
92516767
92516768
92516769
92516770
92516771
92516772
92516773
92516774
92516775
92516776
92516777
92516778
92516779
92516780
92516781
92516782
92516783
92516784
92516785
92516786
92516787
92516788
92516789
92516790
92516791
92516792
92516793
92516794
92516795
