92849336
92849337
92849338
92849339
92849340
92849341
92849342
92849343
92849344
92849345
92849346
92849347
92849348
92849349
92849350
92849351
92849352
92849353
92849354
92849355
92849356
92849357
92849358
92849359
92849360
92849361
92849362
92849363
92849364
92849365
92849366
92849367
92849368
92849369
92849370
92849371
92849372
92849373
92849374
92849375
92849376
92849377
92849378
92849379
92849380
92849381
92849382
92849383
92849384
92849385
92849386
92849387
92849388
92849389
92849390
92849391
92849392
92849393
92849394
92849395
92849396
92849397
92849398
92849399
92849400
92849401
92849402
92849403
92849404
92849405
92849406
92849407
92849408
92849409
92849410
92849411
92849412
92849413
92849414
92849415
92849416
92849417
92849418
92849419
92849420
92849421
92849422
92849423
92849424
92849425
92849426
92849427
92849428
92849429
92849430
92849431
92849432
92849433
92849434
