92848656
92848657
92848658
92848659
92848660
92848661
92848662
92848663
92848664
92848665
92848666
92848667
92848668
92848669
92848670
92848671
92848672
92848673
92848674
92848675
92848676
92848677
92848678
92848679
92848680
92848681
92848682
92848683
92848684
92848685
92848686
92848687
92848688
92848689
92848690
92848691
92848692
92848693
92848694
92848695
92848696
92848697
92848698
92848699
92848700
92848701
92848702
92848703
92848704
92848705
92848706
92848707
92848708
92848709
92848710
92848711
92848712
92848713
92848714
92848715
92848716
92848717
92848718
92848719
92848720
92848721
92848722
92848723
92848724
92848725
92848726
92848727
92848728
92848729
92848730
92848731
92848732
92848733
92848734
92848735
92848736
92848737
92848738
92848739
92848740
92848741
92848742
92848743
92848744
92848745
92848746
92848747
92848748
92848749
92848750
92848751
92848752
