92849007
92849008
92849009
92849010
92849011
92849012
92849013
92849014
92849015
92849016
92849017
92849018
92849019
92849020
92849021
92849022
92849023
92849024
92849025
92849026
92849027
92849028
92849029
92849030
92849031
92849032
92849033
92849034
92849035
92849036
92849037
92849038
92849039
92849040
92849041
92849042
92849043
92849044
92849045
92849046
92849047
92849048
92849049
92849050
92849051
92849052
92849053
92849054
92849055
92849056
92849057
92849058
92849059
92849060
92849061
92849062
92849063
92849064
92849065
92849066
92849067
92849068
92849069
92849070
92849071
92849072
92849073
92849074
92849075
92849076
92849077
92849078
92849079
92849080
92849081
92849082
92849083
92849084
92849085
92849086
92849087
92849088
92849089
92849090
92849091
92849092
92849093
92849094
92849095
92849096
92849097
92849098
92849099
92849100
92849101
92849102
92849103
92849104
92849105
92849106
92849107
92849108
