92847390
92847391
92847429
92847430
92847431
92847432
92847433
92847392
92847393
92847394
92847395
92847396
92847397
92847398
92847399
92847400
92847401
92847402
92847403
92847404
92847405
92847406
92847407
92847408
92847409
92847410
92847411
92847412
92847413
92847414
92847415
92847416
92847417
92847418
92847419
92847420
92847421
92847422
92847423
92847424
92847425
92847426
92847427
92847428
92847434
92847435
92847436
92847437
92847438
92847439
92847440
92847441
92847442
92847443
92847444
92847445
92847446
92847447
92847448
92847449
92847450
92847451
92847452
92847453
92847454
