92849144
92849145
92849146
92849147
92849148
92849149
92849150
92849151
92849152
92849153
92849154
92849155
92849156
92849157
92849158
92849159
92849160
92849161
92849162
92849163
92849164
92849165
92849166
92849167
92849168
92849169
92849170
92849171
92849172
92849173
92849174
92849175
92849176
92849177
92849178
92849179
92849180
92849181
92849182
92849183
92849184
92849185
92849186
92849187
92849188
92849189
92849190
92849191
92849192
92849193
92849194
92849195
92849196
92849197
92849198
92849199
92849200
92849201
92849202
92849203
92849204
92849205
92849206
92849207
