93361454
93361455
93361456
93361457
93361458
93361459
93361460
93361461
93361462
93361463
93361464
93361465
93361466
93361467
93361468
93361469
93361470
93361471
93361472
93361473
93361474
93361475
93361476
93361477
93361478
93361479
93361480
93361481
93361482
93361483
93361484
93361485
93361486
93361487
93361488
93361489
93361490
93361491
93361492
93361493
93361494
93361495
93361496
93361497
93361498
93361499
93361500
93361501
93361502
93361503
93361504
93361505
93361506
93361507
93361508
93361509
93361510
93361511
93361512
93361513
93361514
93361515
93361516
93361517
93361518
93361519
93361520
93361521
93361522
93361523
93361524
93361525
93361526
93361527
93361528
93361529
93361530
93361531
93361532
93361533
93361534
93361535
93361536
93361537
93361538
93361539
93361540
93361541
93361542
93361543
93361544
93361545
93361546
93361547
