93366092
93366093
93366094
93366095
93366096
93366097
93366098
93366099
93366100
93366101
93366102
93366103
93366104
93366105
93366106
93366107
93366108
93366109
93366110
93366111
93366112
93366113
93366114
93366115
93366116
93366117
93366118
93366119
93366120
93366121
93366122
93366123
93366124
93366125
93366126
93366127
93366128
93366129
93366130
93366131
93366132
93366133
93366134
93366135
93366136
93366137
93366138
93366139
93366140
93366141
93366142
93366143
93366144
93366145
93366146
93366147
93366148
93366149
93366150
93366151
93366152
93366153
93366154
93366155
93366156
93366157
93366158
93366159
93366160
93366161
93366162
93366163
93366164
93366165
93366166
93366167
93366168
93366169
93366170
93366171
93366172
93366173
93366174
93366175
93366176
93366177
93366178
93366179
93366180
93366181
93366182
93366183
93366184
