93363500
93363501
93363502
93363503
93363504
93363505
93363506
93363507
93363508
93363509
93363510
93363511
93363512
93363513
93363514
93363515
93363516
93363517
93363518
93363519
93363520
93363521
93363522
93363523
93363524
93363525
93363526
93363527
93363528
93363529
93363530
93363531
93363532
93363533
93363534
93363535
93363536
93363537
93363538
93363539
93363540
93363541
93363542
93363543
93363544
93363545
93363546
93363547
93363548
93363549
93363550
93363551
93363552
93363553
93363554
93363555
93363556
93363557
93363558
93363559
93363560
93363561
93363562
93363563
93363564
93363565
93363566
93363567
93363568
93363569
93363570
93363571
93363572
93363573
93363574
93363575
93363576
93363577
93363578
93363579
93363580
93363581
93363582
93363583
93363584
