93366296
93366297
93366298
93366299
93366300
93366301
93366302
93366303
93366304
93366305
93366306
93366307
93366308
93366309
93366310
93366311
93366312
93366313
93366314
93366315
93366316
93366317
93366318
93366319
93366320
93366321
93366322
93366323
93366324
93366325
93366326
93366327
93366328
93366329
93366330
93366331
93366332
93366333
93366334
93366335
93366336
93366337
93366338
93366339
93366340
93366341
93366342
93366343
93366344
93366345
93366346
93366347
93366348
93366349
93366350
93366351
93366352
93366353
93366354
93366355
93366356
93366357
93366358
93366359
93366360
93366361
93366362
93366363
93366364
93366365
93366366
93366367
93366368
93366369
93366370
93366371
93366372
93366373
93366374
93366375
93366376
93366377
93366378
93366379
93366380
93366381
93366382
93366383
93366384
93366385
93366386
93366387
93366388
