93363941
93363942
93363943
93363944
93363945
93363946
93363947
93363948
93363949
93363950
93363951
93363952
93363953
93363954
93363955
93363956
93363957
93363958
93363959
93363960
93363961
93363962
93363963
93363964
93363965
93363966
93363967
93363968
93363969
93363970
93363971
93363972
93363973
93363974
93363975
93363976
93363977
93363978
93363979
93363980
93363981
93363982
93363983
93363984
93363985
93363986
93363987
93363988
93363989
93363990
93363991
93363992
93363993
93363994
93363995
93363996
93363997
93363998
93363999
93364000
