93792362
93792363
93792364
93792365
93792366
93792367
93792368
93792369
93792370
93792371
93792372
93792373
93792374
93792375
93792376
93792377
93792378
93792379
93792380
93792381
93792382
93792383
93792384
93792385
93792386
93792387
93792388
93792389
93792390
93792391
93792392
93792393
93792394
93792395
93792396
93792397
93792398
93792399
93792400
93792401
93792402
93792403
93792404
93792405
93792406
93792407
93792408
93792409
93792410
93792411
93792412
93792413
93792414
93792415
93792416
93792417
93792418
93792419
93792420
93792421
93792422
93792423
93792424
93792425
93792426
93792427
93792428
93792429
93792430
93792431
