93793716
93793717
93793718
93793719
93793720
93793721
93793722
93793723
93793724
93793725
93793726
93793727
93793728
93793729
93793730
93793731
93793732
93793733
93793734
93793735
93793736
93793737
93793738
93793739
93793740
93793741
93793742
93793743
93793744
93793745
93793746
93793747
93793748
93793749
93793750
93793751
93793752
93793753
93793754
93793755
93793756
93793757
93793758
93793759
93793760
93793761
93793762
93793763
93793764
93793765
93793766
93793767
93793768
93793769
93793770
93793771
93793772
93793773
93793774
93793775
93793776
93793777
93793778
93793779
93793780
93793781
93793782
93793783
93793784
93793785
93793786
93793787
93793788
93793789
93793790
93793791
93793792
93793793
93793794
93793795
93793796
93793797
93793798
93793799
93793800
93793801
93793802
93793803
93793804
93793805
93793806
93793807
