93793563
93793564
93793565
93793566
93793567
93793568
93793569
93793570
93793571
93793572
93793573
93793574
93793575
93793576
93793577
93793578
93793579
93793580
93793581
93793582
93793583
93793584
93793585
93793586
93793587
93793588
93793589
93793590
93793591
93793592
93793593
93793594
93793595
93793596
93793597
93793598
93793599
93793600
93793601
93793602
93793603
93793604
93793605
93793606
93793607
93793608
93793609
93793610
93793611
93793612
93793613
93793614
93793615
93793616
93793617
93793618
93793619
93793620
93793621
93793622
93793623
93793624
93793625
93793626
93793627
93793628
93793629
93793630
93793631
93793632
93793633
93793634
93793635
93793636
93793637
93793638
93793639
93793640
93793641
93793642
93793643
93793644
93793645
93793646
93793647
93793648
93793649
93793650
93793651
93793652
93793653
93793654
93793655
