93793952
93793953
93793954
93793955
93793956
93793957
93793958
93793959
93793960
93793961
93793962
93793963
93793964
93793965
93793966
93793967
93793968
93793969
93793970
93793971
93793972
93793973
93793974
93793975
93793976
93793977
93793978
93793979
93793980
93793981
93793982
93793983
93793984
93793985
93793986
93793987
93793988
93793989
93793990
93793991
93793992
93793993
93793994
93793995
93793996
93793997
93793998
93793999
93794000
93794001
93794002
93794003
93794004
93794005
93794006
93794007
93794008
93794009
93794010
93794011
93794012
93794013
93794014
93794015
93794016
93794017
93794018
93794019
93794020
93794021
93794022
93794023
93794024
93794025
93794026
93794027
93794028
93794029
93794030
93794031
93794032
93794033
93794034
93794035
93794036
93794037
93794038
93794039
93794040
93794041
93794042
93794043
93794044
93794045
