93793821
93793822
93793823
93793824
93793825
93793826
93793827
93793828
93793829
93793830
93793831
93793832
93793833
93793834
93793835
93793836
93793837
93793838
93793839
93793840
93793841
93793842
93793843
93793844
93793845
93793846
93793847
93793848
93793849
93793850
93793851
93793852
93793853
93793854
93793855
93793856
93793857
93793858
93793859
93793860
93793861
93793862
93793863
93793864
93793865
93793866
93793867
93793868
93793869
93793870
93793871
93793872
93793873
93793874
93793875
93793876
93793877
93793878
93793879
93793880
93793881
93793882
93793883
93793884
93793885
93793886
93793887
93793888
93793889
93793890
93793891
93793892
93793893
93793894
93793895
93793896
93793897
93793898
93793899
93793900
93793901
93793902
93793903
93793904
93793905
93793906
93793907
93793908
93793909
93793910
