93792515
93792516
93792517
93792518
93792519
93792520
93792521
93792522
93792523
93792524
93792525
93792526
93792527
93792528
93792529
93792530
93792531
93792532
93792533
93792534
93792535
93792536
93792537
93792538
93792539
93792540
93792541
93792542
93792543
93792544
93792545
93792546
93792547
93792548
93792549
93792550
93792551
93792552
93792553
93792554
93792555
93792556
93792557
93792558
93792559
93792560
93792561
93792562
93792563
93792564
93792565
93792566
93792567
93792568
93792569
93792570
93792571
93792572
93792494
93792495
93792496
93792497
93792498
93792499
93792500
93792501
93792502
93792503
93792504
93792505
93792506
93792507
93792508
93792509
93792510
93792511
93792512
93792513
93792514
93792586
93792492
93792493
93792573
93792574
93792575
93792576
93792577
93792578
93792579
93792580
93792581
93792582
93792583
93792584
93792585
