93435788
93435789
93435790
93435791
93435792
93435793
93435794
93435795
93435796
93435797
93435773
93435774
93435775
93435776
93435777
93435778
93435779
93435780
93435781
93435782
93435783
93435784
93435785
93435786
93435787
93435798
93435799
93435800
93435801
93435802
93435803
93435804
93435805
93435806
93435807
93435808
93435809
93435810
93435811
93435812
93435813
93435814
93435815
93435816
93435817
93435818
93435819
93435820
93435821
93435822
93435767
93435768
93435769
93435770
93435771
93435772
