93791419
93791420
93791421
93791422
93791423
93791424
93791425
93791426
93791427
93791428
93791429
93791430
93791431
93791432
93791433
93791434
93791435
93791436
93791437
93791438
93791439
93791440
93791441
93791442
93791443
93791444
93791445
93791446
93791447
93791448
93791449
93791450
93791451
93791452
93791453
93791454
93791455
93791456
93791457
93791458
93791459
93791460
93791461
93791462
93791463
93791464
93791465
93791466
93791467
93791468
93791469
93791470
93791471
93791472
93791473
93791474
93791475
93791417
93791418
