93436801
93436802
93436803
93436804
93436805
93436806
93436807
93436808
93436809
93436810
93436811
93436812
93436813
93436814
93436815
93436816
93436817
93436818
93436819
93436820
93436821
93436822
93436823
93436824
93436825
93436826
93436827
93436828
93436829
93436830
93436831
93436832
93436833
93436834
93436835
93436836
93436837
93436838
93436839
93436840
93436841
93436842
93436843
93436844
93436845
93436846
93436847
93436848
93436849
93436850
93436851
93436852
93436853
93436854
93436855
93436856
93436857
93436858
93436859
93436860
93436861
93436862
93436863
93436864
93436865
93436866
93436867
93436868
93436869
93436870
93436871
93436872
93436873
93436874
93436875
