93790435
93790436
93790437
93790438
93790439
93790440
93790441
93790442
93790443
93790444
93790445
93790446
93790447
93790448
93790449
93790450
93790451
93790452
93790453
93790454
93790455
93790456
93790457
93790458
93790459
93790460
93790461
93790462
93790463
93790464
93790465
93790466
93790467
93790468
93790469
93790470
93790471
93790472
93790473
93790474
93790475
93790476
93790477
93790478
93790479
93790480
93790481
93790482
93790483
93790484
93790485
93790486
93790487
93790488
93790489
93790490
93790491
93790492
93790493
93790494
93790495
93790496
93790497
93790498
93790499
93790500
93790501
93790502
93790503
93790504
93790505
