93790772
93790773
93790774
93790775
93790776
93790777
93790778
93790768
93790769
93790770
93790771
93790779
93790780
93790781
93790782
93790783
93790784
93790785
93790786
93790787
93790788
93790789
93790790
93790791
93790792
93790793
93790794
93790795
93790796
93790797
93790798
93790799
93790800
93790801
93790802
93790803
93790804
93790805
93790806
93790807
93790808
93790809
93790810
93790811
93790812
93790813
93790814
93790815
93790816
93790817
93790818
93790819
93790820
93790821
93790822
93790823
93790824
93790825
93790826
