93435823
93435824
93435825
93435826
93435827
93435828
93435829
93435830
93435831
93435832
93435833
93435834
93435835
93435851
93435852
93435853
93435854
93435855
93435856
93435857
93435858
93435875
93435876
93435877
93435878
93435879
93435880
93435881
93435882
93435883
93435884
93435885
93435886
93435887
93435888
93435889
93435890
93435836
93435837
93435838
93435839
93435840
93435898
93435899
93435841
93435842
93435843
93435844
93435845
93435846
93435847
93435848
93435849
93435850
93435859
93435860
93435861
93435862
93435863
93435864
93435865
93435866
93435867
93435868
93435869
93435870
93435871
93435872
93435873
93435874
93435891
93435892
93435893
93435894
93435895
93435896
93435897
93435900
93435901
93435902
93435903
93435904
93435905
93435906
93435907
93435908
93435909
93435910
93435911
93435912
93435913
93435914
93435915
93435916
93435917
93435918
93435919
93435920
93435921
93435922
93435923
93435924
93435925
93435926
