93435371
93435372
93435373
93435374
93435375
93435376
93435377
93435378
93435379
93435380
93435381
93435382
93435383
93435384
93435385
93435386
93435387
93435388
93435389
93435390
93435391
93435392
93435393
93435394
93435395
93435396
93435397
93435398
93435399
93435400
93435401
93435402
93435403
93435404
93435405
93435406
93435407
93435408
93435409
93435410
93435411
93435412
93435413
93435414
93435415
93435416
93435417
93435418
93435419
93435420
93435421
93435422
93435423
93435424
93435425
93435426
93435427
93435428
93435429
93435430
93435431
93435432
93435433
93435434
93435435
93435436
93435437
93435438
93435439
93435440
93435441
93435442
93435443
93435444
93435445
93435446
93435447
93435448
93435449
93435450
93435451
93435452
93435453
93435454
93435455
93435456
93435457
93435458
93435459
