93435610
93435611
93435612
93435618
93435619
93435628
93435629
93435630
93435631
93435632
93435633
93435634
93435635
93435636
93435637
93435638
93435639
93435640
93435641
93435642
93435643
93435655
93435656
93435657
93435658
93435659
93435660
93435613
93435614
93435615
93435616
93435617
93435620
93435621
93435622
93435623
93435624
93435625
93435626
93435627
93435644
93435645
93435646
93435647
93435648
93435649
93435650
93435651
93435652
93435653
93435654
93435661
93435662
93435663
93435664
93435665
93435666
93435667
93435668
93435669
93435670
93435671
93435672
93435673
93435674
93435675
93435676
93435677
93435678
93435679
93435680
