93437153
93437154
93437155
93437156
93437157
93437158
93437159
93437160
93437161
93437162
93437163
93437164
93437165
93437166
93437167
93437168
93437169
93437170
93437171
93437172
93437173
93437174
93437175
93437176
93437177
93437178
93437179
93437180
93437181
93437182
93437183
93437184
93437185
93437186
93437187
93437188
93437189
93437190
93437191
93437192
93437193
93437194
93437195
93437196
93437197
93437198
93437199
93437200
93437201
93437202
93437203
93437204
93437205
93437206
93437207
93437208
93437209
93437210
93437211
93437212
93437213
93437214
93437215
93437216
93437217
93437218
93437219
93437220
93437221
93437222
93437223
93437224
93437225
93437226
93437227
93437228
93437229
93437230
93437231
93437232
93437233
93437234
93437235
93437236
93437237
93437238
93437239
93437240
93437241
93437242
93437243
93437244
