93434909
93434910
93434911
93434912
93434913
93434914
93434915
93434916
93434917
93434918
93434919
93434920
93434921
93434922
93434923
93434924
93434925
93434926
93434927
93434928
93434929
93434930
93434931
93434932
93434933
93434934
93434935
93434936
93434937
93434938
93434939
93434940
93434941
93434942
93434943
93434944
93434945
93434946
93434947
93434948
93434949
93434950
93434951
93434952
93434953
93434954
93434955
93434956
93434957
93434958
93434959
93434960
93434961
93434962
93434963
93434964
93434965
93434966
93434967
93434968
93434969
93434970
93434971
93434972
93434973
93434974
93434975
93434976
93434977
93434978
93434979
93434980
93434981
93434982
93434983
93434984
93434985
93434986
93434987
93434988
93434989
93434990
93434991
93434992
93434993
