94142413
94142414
94142415
94142416
94142417
94142418
94142419
94142420
94142421
94142422
94142423
94142424
94142425
94142426
94142427
94142428
94142429
94142430
94142431
94142432
94142433
94142434
94142435
94142436
94142437
94142438
94142439
94142440
94142441
94142442
94142443
94142444
94142445
94142446
94142447
94142448
94142449
94142450
94142451
94142452
94142453
94142454
94142455
94142456
94142457
94142458
94142459
94142460
94142461
94142462
94142463
94142464
94142465
94142466
94142467
94142468
94142469
94142470
94142471
94142472
94142473
94142474
94142475
94142476
94142477
94142478
94142479
94142480
94142481
94142482
94142483
94142484
94142485
94142486
94142487
94142488
94142489
94142490
