94142094
94142095
94142096
94142097
94142098
94142099
94142100
94142101
94142102
94142103
94142104
94142105
94142106
94142107
94142108
94142109
94142110
94142111
94142112
94142113
94142114
94142115
94142116
94142117
94142118
94142119
94142120
94142121
94142122
94142123
94142124
94142125
94142126
94142127
94142128
94142129
94142130
94142131
94142132
94142133
94142134
94142135
94142136
94142137
94142138
94142139
94142140
94142141
94142142
94142143
94142144
94142145
94142146
94142147
94142148
94142149
94142150
94142151
94142152
94142153
94142154
94142155
94142156
94142157
94142158
94142159
94142160
94142161
94142162
94142163
94142164
94142165
94142166
94142167
94142168
94142169
94142170
94142171
94142172
94142173
94142174
94142175
94142176
94142177
94142178
94142179
94142180
94142181
