94142536
94142537
94142538
94142539
94142540
94142541
94142542
94142543
94142544
94142545
94142546
94142547
94142548
94142549
94142550
94142551
94142552
94142553
94142554
94142555
94142556
94142557
94142558
94142559
94142560
94142561
94142562
94142563
94142564
94142565
94142566
94142567
94142568
94142569
94142570
94142571
94142572
94142573
94142574
94142575
94142576
94142577
94142578
94142579
94142580
94142581
94142582
94142583
94142584
94142585
94142586
94142587
94142588
94142589
94142590
94142591
94142592
94142593
94142594
94142595
94142596
94142597
94142598
94142599
94142600
94142601
94142602
94142603
94142604
94142605
94142606
94142607
94142608
94142609
94142610
94142611
94142612
94142613
94142614
94142615
94142616
94142617
94142618
94142619
94142620
94142621
94142622
94142623
94142624
94142625
94142626
94142627
94142628
94142629
94142630
94142631
94142632
94142633
94142634
94142635
94142636
94142637
94142638
94142639
94142640
94142641
94142642
94142643
94142644
94142645
94142646
94142647
94142648
94142649
94142650
94142651
