94141903
94141904
94141905
94141906
94141907
94141908
94141909
94141910
94141911
94141912
94141913
94141914
94141915
94141916
94141917
94141918
94141919
94141920
94141921
94141922
94141923
94141924
94141925
94141926
94141927
94141928
94141929
94141930
94141931
94141932
94141933
94141934
94141935
94141936
94141937
94141938
94141939
94141940
94141941
94141942
94141943
94141944
94141945
94141946
94141947
94141948
94141949
94141950
94141951
94141952
94141953
94141954
94141955
94141956
94141957
94141958
94141959
94141960
94141961
94141962
94141963
94141964
94141965
94141966
94141967
94141968
94141969
94141970
94141971
94141972
94141973
94141974
94141975
94141976
94141977
94141978
94141979
94141980
94141981
94141982
