94800166
94800167
94800168
94800169
94800170
94800171
94800172
94800173
94800174
94800175
94800176
94800177
94800178
94800179
94800180
94800181
94800182
94800183
94800184
94800185
94800186
94800187
94800188
94800189
94800190
94800191
94800192
94800193
94800194
94800195
94800196
94800197
94800198
94800199
94800200
94800201
94800202
94800203
94800204
94800205
94800206
94800207
94800208
94800209
94800210
94800211
94800212
94800213
94800214
94800215
94800216
94800217
94800218
94800219
94800220
94800221
94800222
94800223
94800224
94800225
94800226
94800227
94800228
94800229
94800230
94800231
94800232
94800233
94800234
94800235
94800236
94800237
94800238
94800239
94800240
94800241
94800242
94800243
94800244
94800245
94800246
94800247
94800248
94800249
94800250
94800251
94800252
94800253
94800254
94800255
94800256
