94500261
94500262
94500263
94500264
94500265
94500266
94500267
94500268
94500269
94500270
94500271
94500272
94500273
94500274
94500275
94500276
94500277
94500278
94500279
94500280
94500281
94500282
94500283
94500284
94500285
94500286
94500287
94500288
94500289
94500290
94500291
94500292
94500293
94500294
94500295
94500296
94500297
94500298
94500299
94500300
94500301
94500302
94500303
94500304
94500305
94500306
94500307
94500308
94500309
94500310
94500311
94500312
94500313
94500314
94500315
94500316
94500317
94500318
94500319
94500320
94500321
94500322
94500323
94500324
94500325
94500326
94500327
94500328
94500329
94500330
94500331
94500332
