94700732
94700733
94700734
94700735
94700736
94700737
94700738
94700739
94700740
94700741
94700742
94700743
94700744
94700745
94700746
94700747
94700748
94700749
94700750
94700751
94700752
94700753
94700754
94700755
94700756
94700757
94700758
94700759
94700760
94700761
94700762
94700763
94700764
94700765
94700766
94700767
94700768
94700769
94700770
94700771
94700772
94700773
94700774
94700775
94700776
94700777
94700778
94700779
94700780
94700781
94700782
94700783
94700784
94700785
94700786
94700787
94700788
94700789
94700790
94700791
94700792
94700793
94700794
94700795
94700796
94700797
94700798
94700799
94700800
94700801
94700802
94700803
94700804
94700805
94700806
94700807
94700808
94700809
94700810
94700811
94700812
94700813
94700814
94700815
94700816
94700817
94700818
94700819
94700820
94700821
94700822
94700823
94700824
94700825
94700826
94700827
94700828
94700829
94700830
94700831
