94801366
94801367
94801368
94801369
94801370
94801371
94801372
94801373
94801374
94801375
94801376
94801377
94801378
94801379
94801380
94801381
94801382
94801383
94801384
94801385
94801386
94801387
94801388
94801389
94801390
94801391
94801392
94801393
94801394
94801395
94801396
94801397
94801398
94801399
94801400
94801401
94801402
94801403
94801404
94801405
94801406
94801407
94801408
94801409
94801410
94801411
94801412
94801413
94801414
94801415
94801416
94801417
94801418
94801419
94801420
94801421
94801422
94801423
94801424
94801425
94801426
94801427
94801428
94801429
94801430
94801431
94801432
94801433
94801434
94801435
94801436
94801437
94801438
94801439
94801440
94801441
94801442
94801443
94801444
94801445
94801446
94801447
94801448
94801449
94801450
94801451
94801452
94801453
94801454
94801455
94801456
94801457
