94701339
94701340
94701341
94701342
94701343
94701344
94701345
94701346
94701347
94701348
94701349
94701350
94701351
94701352
94701353
94701354
94701355
94701356
94701357
94701358
94701359
94701360
94701361
94701362
94701363
94701364
94701365
94701366
94701367
94701368
94701369
94701370
94701371
94701372
94701373
94701374
94701375
94701376
94701377
94701378
94701379
94701380
94701381
94701382
94701383
94701384
94701385
94701386
94701387
94701388
94701389
94701390
94701391
94701392
94701393
94701394
94701395
94701396
94701397
94701398
94701399
94701400
94701401
94701402
94701403
94701404
94701405
94701406
94701407
94701408
94701409
94701410
94701411
94701412
94701413
94701414
94701415
94701416
94701417
94701418
94701419
94701420
