94600941
94600942
94600943
94600944
94600945
94600946
94600947
94600948
94600949
94600950
94600951
94600952
94600953
94600954
94600955
94600956
94600957
94600958
94600959
94600960
94600961
94600962
94600963
94600964
94600965
94600966
94600967
94600968
94600969
94600970
94600971
94600972
94600973
94600974
94600975
94600976
94600977
94600978
94600979
94600980
94600981
94600982
94600983
94600984
94600985
94600986
94600987
94600988
94600989
94600990
94600991
94600992
94600993
94600994
94600995
94600996
94600997
94600998
94600999
94601000
94601001
94601002
94601003
94601004
94601005
94601006
94601007
94601008
94601009
94601010
94601011
94601012
94601013
94601014
94601015
94601016
94601017
94601018
94601019
94601020
94601021
94601022
94601023
94601024
