94870888
94870889
94870890
94870891
94870892
94870894
94870895
94870878
94870879
94870880
94870929
94870930
94870931
94870951
94870952
94870953
94870881
94870882
94870883
94870884
94870885
94870886
94870887
94870893
94870896
94870897
94870898
94870899
94870900
94870901
94870902
94870903
94870904
94870905
94870906
94870907
94870908
94870909
94870910
94870911
94870912
94870913
94870914
94870915
94870916
94870917
94870918
94870919
94870920
94870921
94870922
94870923
94870924
94870925
94870926
94870927
94870928
94870932
94870933
94870934
94870935
94870936
94870937
94870938
94870939
94870940
94870941
94870942
94870943
94870944
94870945
94870946
94870947
94870948
94870949
94870950
94870954
94870955
94870956
94870957
94870958
94870959
94870960
94870961
94870962
94870963
94870964
94870965
94870966
94870967
94870968
94870969
