94869139
94869140
94869141
94869142
94869143
94869144
94869145
94869146
94869147
94869148
94869149
94869150
94869151
94869152
94869153
94869154
94869155
94869156
94869157
94869158
94869159
94869160
94869161
94869162
94869163
94869164
94869165
94869166
94869167
94869168
94869169
94869170
94869171
94869172
94869173
94869174
94869175
94869176
94869177
94869178
94869179
94869180
94869181
94869182
94869183
94869184
94869185
94869186
94869187
94869188
94869189
94869190
94869191
94869192
94869193
94869194
94869195
94869196
94869197
94869198
94869199
94869200
94869201
94869202
94869203
94869204
94869205
94869206
94869207
94869208
94869209
94869210
94869211
94869212
94869213
94869214
94869215
94869216
94869217
94869218
94869219
94869220
94869221
94869222
94869223
