94868466
94868467
94868468
94868469
94868470
94868471
94868472
94868473
94868474
94868475
94868476
94868477
94868478
94868479
94868480
94868481
94868482
94868483
94868484
94868485
94868486
94868487
94868488
94868489
94868490
94868491
94868492
94868493
94868494
94868495
94868496
94868497
94868498
94868499
94868500
94868501
94868502
94868503
94868504
94868505
94868506
94868507
94868508
94868509
94868510
94868511
94868512
94868513
94868514
94868515
94868516
94868517
94868518
94868519
94868520
94868521
94868522
94868523
94868524
94868525
94868526
94868527
94868528
94868529
94868530
94868531
94868532
94868533
94868534
94868535
94868536
94868537
94868538
94868539
94868540
94868541
94868542
94868543
94868544
94868545
94868546
94868547
94868548
94868549
94868550
94868551
94868552
94868553
94868554
94868555
94868556
94868557
94868558
94868559
94868560
94868561
94868562
94868563
94868564
