94773254
94773255
94773256
94773257
94773258
94773259
94773260
94773261
94773262
94773263
94773264
94773265
94773266
94773267
94773268
94773269
94773270
94773271
94773272
94773273
94773274
94773275
94773276
94773277
94773278
94773279
94773280
94773281
94773282
94773283
94773284
94773285
94773286
94773287
94773288
94773289
94773290
94773291
94773292
94773293
94773294
94773295
94773296
94773297
94773298
94773299
94773300
94773301
94773302
94773303
94773304
94773305
94773306
94773307
94773308
94773309
94773310
94773311
94773312
94773313
94773314
94773315
94773316
94773317
94773318
94773319
94773320
94773321
94773322
94773323
94773324
94773325
94773326
94773327
94773328
94773329
94773330
94773331
94773332
94773333
94773334
94773335
94773336
94773337
94773338
94773339
94773340
94773341
94773342
94773343
94773344
94773345
94773346
94773347
94773348
94773349
