94773156
94773157
94773158
94773159
94773160
94773161
94773162
94773163
94773155
94773164
94773165
94773166
94773167
94773168
94773169
94773170
94773171
94773172
94773173
94773174
94773175
94773176
94773177
94773178
94773179
94773180
94773181
94773182
94773183
94773184
94773185
94773186
94773187
94773188
94773189
94773190
94773191
94773192
94773193
94773194
94773195
94773196
94773197
94773198
94773199
94773200
94773201
94773202
94773203
94773204
94773205
94773206
94773207
94773208
94773209
94773210
94773211
94773212
94773213
94773214
94773215
94773216
94773217
