94773383
94773384
94773385
94773386
94773387
94773388
94773389
94773390
94773391
94773392
94773393
94773394
94773395
94773396
94773397
94773398
94773399
94773400
94773401
94773402
94773403
94773404
94773405
94773406
94773407
94773408
94773409
94773410
94773411
94773412
94773413
94773414
94773415
94773416
94773417
94773418
94773419
94773420
94773421
94773422
94773423
94773424
94773425
94773426
94773427
94773428
94773429
94773430
94773431
94773432
94773433
94773434
94773435
94773436
94773437
94773438
94773439
94773440
94773441
94773442
94773443
94773444
94773445
94773446
94773447
94773448
94773449
94773450
94773451
94773452
94773453
94773454
94773455
94773456
94773457
94773458
94773459
94773460
