94774840
94774841
94774842
94774910
94774843
94774844
94774845
94774858
94774859
94774860
94774861
94774872
94774912
94774846
94774847
94774848
94774849
94774850
94774851
94774852
94774853
94774854
94774855
94774856
94774857
94774862
94774863
94774864
94774865
94774866
94774867
94774868
94774869
94774870
94774871
94774873
94774874
94774875
94774876
94774877
94774878
94774879
94774880
94774881
94774882
94774883
94774884
94774885
94774886
94774887
94774888
94774889
94774890
94774891
94774892
94774893
94774894
94774895
94774896
94774897
94774898
94774899
94774900
94774901
94774902
94774903
94774904
94774905
94774906
94774907
94774908
94774909
94774911
94774913
94774914
94774915
94774916
94774917
94774918
94774919
94774920
94774921
94774922
94774923
94774924
94774925
94774926
94774927
94774928
94774929
94774930
94774931
