94475193
94475194
94475211
94475174
94475175
94475176
94475177
94475178
94475179
94475180
94475181
94475182
94475183
94475184
94475185
94475186
94475187
94475188
94475189
94475190
94475191
94475192
94475195
94475196
94475197
94475198
94475199
94475200
94475201
94475202
94475203
94475204
94475205
94475206
94475207
94475208
94475209
94475210
94475212
94475213
94475214
94475215
94475216
94475217
94475218
94475219
94475220
94475221
94475222
94475223
94475224
94475225
94475226
94475227
94475228
94475229
94475230
94475231
94475232
94475233
94475234
94475235
94475236
94475237
94475238
94475239
