94473788
94473789
94473790
94473791
94473795
94473796
94473797
94473798
94473799
94473800
94473801
94473802
94473803
94473806
94473807
94473808
94473809
94473810
94473811
94473812
94473813
94473814
94473815
94473816
94473817
94473818
94473819
94473820
94473821
94473822
94473823
94473824
94473825
94473826
94473827
94473828
94473829
94473830
94473831
94473832
94473833
94473834
94473838
94473839
94473840
94473841
94473842
94473843
94473844
94473845
94473846
94473847
94473848
94473778
94473779
94473780
94473781
94473783
94473784
94473792
94473793
94473794
94473804
94473805
94473835
94473836
94473837
94473871
94473872
94473873
94473891
94473782
94473785
94473786
94473787
94473849
94473850
94473851
94473852
94473853
94473854
94473855
94473856
94473857
94473858
94473859
94473860
94473861
94473862
94473863
94473864
94473865
94473866
94473867
94473868
94473869
94473870
94473874
94473875
94473876
94473877
94473878
94473879
94473880
94473881
94473882
94473883
94473884
94473885
94473886
94473887
94473888
94473889
94473890
94473892
94473893
94473894
94473895
94473896
94473897
94473898
94473899
94473900
94473904
94473901
94473902
94473903
