95325588
95325589
95325590
95325591
95325592
95325593
95325598
95325555
95325556
95325557
95325558
95325559
95325560
95325561
95325562
95325563
95325564
95325565
95325569
95325570
95325566
95325567
95325568
95325571
95325572
95325573
95325574
95325575
95325576
95325577
95325578
95325579
95325580
95325581
95325582
95325583
95325584
95325585
95325586
95325587
95325594
95325595
95325596
95325597
95325599
95325600
95325601
95325602
95325603
95325604
95325605
95325606
95325607
95325608
95325609
95325610
95325611
