95128535
95128536
95128537
95128538
95128539
95128540
95128541
95128542
95128543
95128544
95128545
95128546
95128547
95128548
95128549
95128550
95128551
95128552
95128553
95128554
95128555
95128556
95128557
95128558
95128559
95128560
95128561
95128562
95128563
95128564
95128565
95128566
95128567
95128568
95128569
95128570
95128571
95128572
95128573
95128574
95128575
95128576
95128577
95128578
95128579
95128580
95128581
95128582
95128583
95128584
95128585
95128586
95128587
95128588
95128589
95128590
95128591
95128592
95128593
95128594
95128595
95128596
95128597
95128598
95128599
95128600
95128601
95128602
95128603
95128604
95128605
95128606
95128607
95128608
95128609
95128610
95128611
95128612
95128613
95128614
95128615
95128616
95128617
