95026305
95026306
95026307
95026308
95026309
95026310
95026311
95026312
95026313
95026314
95026315
95026316
95026317
95026318
95026319
95026320
95026321
95026322
95026323
95026324
95026325
95026326
95026327
95026328
95026329
95026330
95026331
95026332
95026333
95026334
95026335
95026336
95026337
95026338
95026339
95026340
95026341
95026342
95026343
95026344
95026345
95026346
95026347
95026348
95026349
95026350
95026351
95026352
95026353
95026354
95026355
95026356
95026357
95026358
95026359
95026360
95026361
95026362
95026363
95026364
95026365
95026366
95026367
95026368
95026369
95026370
95026371
95026372
95026373
95026374
95026375
95026376
95026377
95026378
95026379
95026380
95026381
95026382
95026383
95026384
95026385
95026386
95026387
95026388
95026389
95026390
95026391
95026392
95026393
95026394
95026395
95026396
95026397
95026398
