94966576
94966577
94966578
94966579
94966580
94966581
94966582
94966583
94966584
94966585
94966586
94966587
94966588
94966589
94966590
94966591
94966592
94966593
94966594
94966595
94966596
94966597
94966598
94966599
94966600
94966601
94966602
94966603
94966604
94966605
94966606
94966607
94966608
94966609
94966610
94966611
94966612
94966613
94966614
94966615
94966616
94966617
94966618
94966619
94966620
94966621
94966622
94966623
94966624
94966625
94966626
94966627
94966628
94966629
94966630
94966631
94966632
94966633
94966634
94966635
94966636
94966637
94966638
94966639
94966640
94966641
94966642
94966643
94966644
94966645
94966646
94966647
94966648
94966649
94966650
94966651
94966652
94966653
94966654
94966655
94966656
94966657
94966658
94966659
94966660
94966661
94966662
94966663
94966664
94966665
94966666
94966667
94966668
94966669
94966670
