95227270
95227271
95227272
95227273
95227324
95227325
95227290
95227274
95227275
95227276
95227277
95227278
95227279
95227280
95227281
95227282
95227283
95227284
95227285
95227286
95227287
95227288
95227289
95227291
95227292
95227293
95227294
95227295
95227296
95227297
95227298
95227299
95227300
95227301
95227302
95227303
95227304
95227305
95227306
95227307
95227308
95227309
95227310
95227311
95227312
95227313
95227314
95227315
95227316
95227317
95227318
95227319
95227320
95227321
95227322
95227323
95227326
95227327
95227328
95227329
95227330
95227331
95227332
95227333
95227334
95227335
95227336
95227337
95227338
95227339
95227340
95227341
95227342
95227343
95227344
95227345
95227346
95227347
95227348
95227349
95227350
95227351
95227352
95227353
95227354
