94966780
94966781
94966782
94966783
94966784
94966726
94966727
94966728
94966729
94966730
94966731
94966732
94966733
94966734
94966735
94966736
94966737
94966738
94966739
94966740
94966741
94966742
94966743
94966744
94966745
94966746
94966747
94966748
94966749
94966750
94966751
94966752
94966753
94966754
94966755
94966756
94966757
94966758
94966759
94966760
94966761
94966762
94966763
94966764
94966765
94966766
94966767
94966768
94966769
94966770
94966771
94966772
94966773
94966774
94966775
94966776
94966777
94966778
94966779
94966785
94966786
94966787
