95228007
95228008
95228009
95228010
95228011
95228012
95228013
95228014
95228015
95228016
95228017
95228018
95228019
95228020
95228021
95228022
95228023
95228024
95228025
95228026
95228027
95228028
95228029
95228030
95228031
95228032
95228033
95228034
95228035
95228036
95228037
95228038
95228039
95228040
95228041
95228042
95228043
95228044
95228045
95228046
95228047
95228048
95228049
95228050
95228051
95228052
95228053
95228054
95228055
95228056
95228057
95228058
95228059
95228060
95228061
95228062
95228063
95228064
95228065
95228066
95228067
95228068
95228069
95228070
95228071
95228072
95228073
95228074
95228075
95228076
95228077
95228078
95228079
95228080
95228081
95228082
95228083
95228084
95228085
95228086
95228087
95228088
95228089
95228090
95228091
95228092
95228093
95228094
95228095
95228096
95228097
95228098
95228099
95228100
95228101
