94966788
94966789
94966790
94966791
94966792
94966793
94966806
94966807
94966808
94966809
94966810
94966811
94966794
94966795
94966796
94966797
94966798
94966799
94966800
94966801
94966802
94966803
94966804
94966805
94966812
94966813
94966814
94966815
94966816
94966817
94966818
94966819
94966820
94966821
94966822
94966823
94966824
94966825
94966826
94966827
94966828
94966829
94966830
94966831
94966832
94966833
94966834
94966835
94966836
94966837
94966838
94966839
94966840
94966841
94966842
94966843
94966844
94966845
94966846
94966847
94966848
94966849
94966850
94966851
94966852
94966853
94966854
94966855
94966856
94966857
94966858
94966859
94966860
94966861
94966862
94966863
94966864
94966865
94966866
94966867
94966868
94966869
94966870
94966871
94966872
94966873
94966874
94966875
94966876
94966877
94966878
94966879
94966880
94966881
94966882
94966883
