95090459
95090460
95090461
95090462
95090463
95090464
95090465
95090466
95090467
95090468
95090469
95090470
95090471
95090472
95090473
95090474
95090475
95090476
95090477
95090478
95090479
95090480
95090481
95090482
95090483
95090484
95090485
95090486
95090487
95090488
95090489
95090490
95090491
95090492
95090493
95090494
95090495
95090496
95090497
95090498
95090499
95090500
95090501
95090502
95090503
95090504
95090505
95090506
95090507
95090508
95090509
95090510
95090511
95090512
95090513
95090514
95090515
95090516
95090517
95090518
95090519
95090520
95090521
95090522
95090523
95090524
95090525
95090526
95090527
95090528
95090529
95090530
95090531
95090532
95090533
95090534
95090535
