95091269
95091270
95091271
95091272
95091273
95091274
95091275
95091276
95091277
95091278
95091279
95091280
95091281
95091282
95091283
95091284
95091285
95091286
95091287
95091288
95091289
95091290
95091291
95091292
95091293
95091294
95091295
95091296
95091297
95091298
95091299
95091300
95091301
95091302
95091303
95091304
95091305
95091306
95091307
95091308
95091309
95091310
95091311
95091312
95091313
95091314
95091315
95091316
95091317
95091318
95091319
95091320
95091321
95091322
95091323
95091324
95091325
95091326
95091327
95091328
95091329
95091330
95091331
95091332
95091333
95091334
95091335
95091336
95091337
95091338
95091339
95091340
95091341
95091342
95091343
95091344
95091345
95091346
95091347
95091348
95091349
95091350
95091351
95091352
95091353
95091354
95091355
95091356
95091357
95091358
95091359
95091360
95091361
95091362
95091363
95091364
95091365
95091366
