95088841
95088842
95088843
95088844
95088845
95088846
95088847
95088848
95088849
95088850
95088851
95088852
95088853
95088854
95088855
95088856
95088857
95088858
95088859
95088860
95088861
95088862
95088863
95088864
95088865
95088866
95088867
95088868
95088869
95088870
95088871
95088872
95088873
95088874
95088875
95088876
95088877
95088878
95088879
95088880
95088881
95088882
95088883
95088884
95088885
95088886
95088887
95088888
95088889
95088890
95088891
95088892
95088893
95088894
95088895
95088896
95088897
95088898
95088899
95088900
95088901
95088902
95088903
95088904
95088905
95088906
95088907
95088908
95088909
95088910
95088911
95088912
95088913
95088914
95088915
95088916
95088917
95088918
95088919
