95391842
95391843
95391844
95391845
95391846
95391847
95391848
95391849
95391850
95391872
95391873
95391851
95391852
95391853
95391854
95391855
95391856
95391857
95391858
95391859
95391860
95391861
95391862
95391863
95391864
95391865
95391866
95391867
95391868
95391869
95391870
95391871
95391874
95391875
95391876
95391877
95391878
95391879
95391880
95391881
95391882
95391883
95391884
95391885
95391886
95391887
95391888
95391889
95391890
95391891
95391892
95391893
95391894
95391895
95391896
95391897
95391898
95391899
95391900
95391901
95391902
95391903
95391904
95391905
95391906
95391907
95391908
95391909
95391910
95391911
95391912
95391913
95391914
95391915
95391916
95391917
95391918
95391919
95391920
95391921
95391922
95391923
95391924
95391925
95391926
