95391222
95391223
95391224
95391225
95391226
95391227
95391228
95391229
95391230
95391231
95391232
95391233
95391234
95391235
95391236
95391237
95391238
95391239
95391240
95391241
95391242
95391243
95391244
95391245
95391246
95391247
95391248
95391249
95391250
95391251
95391252
95391253
95391254
95391255
95391256
95391257
95391258
95391259
95391260
95391261
95391262
95391263
95391264
95391265
95391266
95391267
95391268
95391269
95391270
95391271
95391272
95391273
95391274
95391275
95391276
95391277
95391278
95391279
95391280
95391281
95391282
95391283
95391284
95391285
95391286
95391287
95391288
95391289
95391290
95391291
