95428747
95428748
95428749
95428750
95428751
95428725
95428726
95428727
95428728
95428729
95428730
95428731
95428732
95428733
95428734
95428735
95428736
95428737
95428738
95428739
95428740
95428741
95428742
95428743
95428744
95428745
95428746
95428752
95428753
95428754
95428755
95428756
95428757
95428758
95428759
95428760
95428761
95428762
95428763
95428764
95428765
95428766
95428767
95428768
95428769
95428770
95428771
95428772
95428773
95428774
95428712
95428713
95428714
95428715
95428716
95428717
95428718
95428719
95428720
95428721
95428722
95428723
95428724
