95091472
95091473
95091474
95091475
95091476
95091477
95091478
95091479
95091480
95091481
95091482
95091483
95091484
95091485
95091486
95091487
95091488
95091489
95091490
95091491
95091492
95091493
95091494
95091495
95091496
95091497
95091498
95091499
95091500
95091501
95091502
95091503
95091504
95091505
95091506
95091507
95091508
95091509
95091510
95091511
95091512
95091513
95091514
95091515
95091516
95091517
95091518
95091519
95091520
95091521
95091522
95091523
95091524
95091525
95091526
95091527
