95653924
95653925
95653926
95653927
95653928
95653929
95653930
95653931
95653932
95653933
95653934
95653935
95653936
95653937
95653938
95653939
95653940
95653941
95653942
95653943
95653944
95653945
95653946
95653947
95653948
95653949
95653950
95653951
95653952
95653953
95653954
95653955
95653956
95653957
95653958
95653959
95653960
95653961
95653962
95653963
95653964
95653965
95653966
95653967
95653968
95653969
95653970
95653971
95653972
95653973
95653974
95653975
95653976
95653977
95653978
95653979
95653980
95653981
95653982
95653983
95653984
95653985
95653986
95653987
95653988
95653989
95653990
95653991
95653992
95653993
95653994
95653995
95653996
95653997
95653998
95653999
95654000
95654001
95654002
95654003
95654004
95654005
95654006
95654007
95654008
95654009
95654010
95654011
95654012
95654013
95654014
95654015
95654016
95654017
95654018
95654019
95654020
95654021
95654022
95654023
95654024
95654025
