95654160
95654161
95654162
95654163
95654164
95654165
95654166
95654167
95654168
95654169
95654170
95654171
95654172
95654173
95654174
95654175
95654176
95654177
95654178
95654179
95654180
95654181
95654182
95654183
95654184
95654185
95654186
95654187
95654188
95654189
95654190
95654191
95654192
95654193
95654194
95654195
95654196
95654197
95654198
95654199
95654200
95654201
95654202
95654203
95654204
95654205
95654206
95654207
95654208
95654209
95654210
95654211
95654212
95654213
95654214
95654215
95654216
95654217
95654218
95654219
95654220
95654221
95654222
95654223
95654224
95654225
95654226
95654227
95654228
95654229
95654230
95654231
95654232
95654233
95654234
95654235
95654236
