95553973
95553974
95553975
95553976
95553977
95553978
95553979
95553980
95553981
95553982
95553983
95553984
95553985
95553986
95553987
95553988
95553989
95553990
95553991
95553992
95553993
95553994
95553995
95553996
95553997
95553998
95553999
95554000
95554001
95554002
95554003
95554004
95554005
95554006
95554007
95554008
95554009
95554010
95554011
95554012
95554013
95554014
95554015
95554016
95554017
95554018
95554019
95554020
95554021
95554022
95554023
95554024
95554025
95554026
95554027
95554028
95554029
95554030
95554031
95554032
95554033
95554034
95554035
95554036
95554037
95554038
95554039
95554040
95554041
95554042
95554043
95554044
95554045
95554046
95554047
95554048
95554049
95554050
95554051
95554052
95554053
95554054
95554055
95554056
95554057
95554058
95554059
