95845613
95845614
95845615
95845616
95845617
95845618
95845619
95845620
95845621
95845622
95845623
95845624
95845625
95845626
95845627
95845628
95845629
95845630
95845631
95845632
95845633
95845634
95845635
95845636
95845637
95845638
95845639
95845640
95845641
95845642
95845643
95845644
95845645
95845646
95845647
95845648
95845649
95845650
95845651
95845652
95845653
95845654
95845655
95845656
95845657
95845658
95845659
95845660
95845661
95845662
95845663
95845664
95845665
95845666
95845667
95845668
95845669
95845670
95845671
95845672
95845673
95845674
95845675
95845676
95845677
95845678
95845679
95845680
95845681
95845682
95845683
95845684
95845685
95845686
95845687
95845688
95845689
95845690
95845691
95845692
95845693
95845694
95845695
95845696
