96129005
96129006
96129007
96129008
96129009
96129010
96129011
96129012
96129013
96129014
96129015
96129016
96129017
96129018
96129019
96129020
96129021
96129022
96129023
96129024
96129025
96129026
96129027
96129028
96129029
96129030
96129031
96129032
96129033
96129034
96129035
96129036
96129037
96129038
96129039
96129040
96129041
96129042
96129043
96129044
96129045
96129046
96129047
96129048
96129049
96129050
96129051
96129052
96129053
96129054
96129055
96129056
96129057
96129058
96129059
96129060
96129061
96129062
96129063
96129064
96129065
96129066
96129067
96129068
96129069
96129070
96129071
96129072
96129073
96129074
96129075
96129076
96129077
96129078
96129079
96129080
96129081
96129082
96129083
96129084
96129085
96129086
96129087
96129088
96129089
96129090
96129091
96129092
96129093
