95962654
95962655
95962656
95962657
95962658
95962659
95962660
95962661
95962662
95962663
95962664
95962665
95962666
95962667
95962668
95962669
95962670
95962671
95962672
95962673
95962674
95962675
95962676
95962677
95962678
95962679
95962680
95962681
95962682
95962683
95962684
95962685
95962686
95962687
95962688
95962689
95962690
95962691
95962692
95962693
95962694
95962695
95962696
95962697
95962698
95962699
95962700
95962701
95962702
95962703
95962704
95962705
95962706
95962707
95962708
95962709
95962710
95962711
95962712
95962713
95962714
95962715
95962716
95962717
95962718
95962719
95962720
95962721
95962722
95962723
95962724
95962725
95962726
95962727
95962728
95962729
95962730
95962731
95962732
95962733
95962734
95962735
95962736
95962737
95962738
95962739
95962740
95962741
95962742
95962743
95962744
95962745
95962746
95962747
95962748
95962749
95962750
95962751
95962752
95962753
