96130857
96130858
96130859
96130860
96130861
96130862
96130863
96130864
96130865
96130866
96130867
96130868
96130869
96130870
96130871
96130872
96130873
96130874
96130875
96130876
96130877
96130878
96130879
96130880
96130881
96130882
96130883
96130884
96130885
96130886
96130887
96130888
96130889
96130890
96130891
96130892
96130893
96130894
96130895
96130896
96130897
96130898
96130899
96130900
96130901
96130902
96130903
96130904
96130905
96130906
96130907
96130908
96130909
96130910
96130911
96130912
96130913
96130914
96130915
96130916
96130917
96130918
96130919
96130920
96130921
96130922
96130923
96130924
96130925
96130834
96130835
96130836
96130837
96130838
96130839
96130840
96130841
96130842
96130843
96130844
96130845
96130846
96130847
96130848
96130849
96130850
96130851
96130852
96130853
96130854
96130855
96130856
