96226148
96226149
96226150
96226151
96226152
96226153
96226154
96226155
96226156
96226157
96226158
96226159
96226160
96226161
96226162
96226163
96226164
96226165
96226166
96226167
96226168
96226169
96226170
96226171
96226172
96226173
96226174
96226175
96226176
96226177
96226178
96226179
96226180
96226181
96226182
96226183
96226184
96226185
96226186
96226187
96226188
96226189
96226190
96226191
96226192
96226193
96226194
96226195
96226196
96226197
96226198
96226199
96226200
96226201
96226202
96226203
96226204
96226205
96226206
96226207
96226208
96226209
96226210
96226211
96226212
96226213
96226214
96226215
96226216
96226217
96226218
96226219
96226220
96226221
96226222
96226223
96226224
96226225
96226226
96226227
96226228
96226229
96226230
96226231
96226232
96226233
96226234
96226235
96226236
96226237
96226238
96226239
