95961901
95961902
95961903
95961904
95961905
95961906
95961907
95961908
95961909
95961910
95961911
95961912
95961913
95961920
95961930
95961931
95961932
95961933
95961934
95961935
95961936
95961937
95961938
95961939
95961940
95961941
95961942
95961943
95961944
95961945
95961946
95961947
95961948
95961949
95961950
95961951
95961952
95961953
95961954
95961955
95961956
95961957
95961958
95961959
95961960
95961961
95961962
95961963
95961964
95961965
95961966
95961967
95961968
95961969
95961970
95961971
95961972
95961973
95961974
95961975
95961976
95961977
95961978
95961979
95961980
95961981
95961982
95961983
95961984
95961985
95961986
95961987
95961988
95961989
95961990
95961991
95961992
95961993
95961994
95961995
95961996
95961997
95961896
95961897
95961898
95961899
95961900
95961914
95961915
95961916
95961917
95961918
95961919
95961926
95961927
95961928
95961929
95961921
95961922
95961923
95961924
95961925
