96128390
96128391
96128392
96128393
96128394
96128395
96128396
96128397
96128398
96128399
96128372
96128373
96128374
96128375
96128376
96128377
96128367
96128368
96128369
96128370
96128371
96128378
96128379
96128380
96128381
96128382
96128383
96128384
96128385
96128386
96128387
96128388
96128389
96128400
96128401
96128402
96128403
96128404
96128405
96128406
96128407
96128408
96128409
96128410
96128411
96128412
96128413
96128414
96128415
96128416
96128417
96128418
96128419
96128420
96128421
96128422
96128423
96128424
96128425
96128426
96128427
96128428
96128429
