96321160
96321161
96321162
96321163
96321164
96321165
96321166
96321167
96321168
96321169
96321170
96321171
96321172
96321182
96321183
96321184
96321185
96321186
96321187
96321188
96321189
96321190
96321191
96321192
96321193
96321194
96321195
96321196
96321197
96321198
96321199
96321200
96321201
96321202
96321203
96321204
96321205
96321206
96321207
96321208
96321209
96321210
96321211
96321212
96321213
96321214
96321215
96321216
96321217
96321218
96321219
96321220
96321221
96321227
96321228
96321229
96321230
96321231
96321232
96321233
96321234
96321262
96321263
96321264
96321265
96321266
96321267
96321268
96321156
96321157
96321158
96321159
96321225
96321226
96321240
96321241
96321242
96321243
96321244
96321245
96321246
96321247
96321248
96321249
96321250
96321258
96321259
96321260
96321261
96321173
96321174
96321175
96321176
96321177
96321178
96321179
96321180
96321181
96321222
96321223
96321224
96321235
96321236
96321237
96321238
96321239
96321251
96321252
96321253
96321254
96321255
96321256
96321257
