96095855
96095856
96095857
96095858
96095859
96095860
96095861
96095862
96095863
96095864
96095865
96095866
96095867
96095868
96095869
96095870
96095871
96095872
96095873
96095874
96095885
96095886
96095887
96095888
96095889
96095890
96095896
96095897
96095898
96095899
96095900
96095901
96095902
96095903
96095904
96095905
96095907
96095908
96095909
96095910
96095911
96095912
96095913
96095914
96095915
96095916
96095917
96095918
96095919
96095920
96095921
96095922
96095923
96095924
96095925
96095926
96095927
96095928
96095929
96095930
96095931
96095932
96095933
96095934
96095935
96095936
96095937
96095938
96095939
96095940
96095941
96095942
96095943
96095944
96095945
96095946
96095947
96095948
96095949
96095950
96095875
96095876
96095877
96095878
96095879
96095880
96095881
96095882
96095883
96095884
96095891
96095892
96095893
96095894
96095895
96095906
