96383599
96383600
96383601
96383602
96383603
96383604
96383605
96383606
96383607
96383608
96383609
96383610
96383611
96383612
96383613
96383614
96383615
96383616
96383617
96383618
96383619
96383620
96383621
96383622
96383623
96383624
96383625
96383626
96383627
96383628
96383629
96383630
96383631
96383632
96383633
96383634
96383635
96383636
96383637
96383638
96383639
96383640
96383641
96383642
96383643
96383644
96383645
96383646
96383647
96383648
96383649
96383650
96383651
96383652
96383653
96383654
96383655
96383656
96383657
96383658
96383659
96383660
96383661
96383662
96383663
96383664
96383665
96383666
96383667
96383668
96383669
96383670
96383671
96383672
96383673
96383674
96383675
96383676
96383677
96383678
96383679
96383680
96383681
96383682
96383683
96383684
96383685
96383686
96383687
96383688
96383689
96383690
96383691
96383692
96383693
96383694
96383695
96383696
96383697
96383698
96383699
