96096045
96096046
96096047
96096048
96096049
96096050
96096051
96096052
96096053
96096054
96096055
96096056
96096057
96096058
96096059
96096060
96096061
96096062
96096063
96096064
96096065
96096066
96096067
96096068
96096069
96096070
96096071
96096072
96096073
96096074
96096075
96096076
96096077
96096078
96096079
96096080
96096081
96096082
96096083
96096084
96096085
96096086
96096087
96096088
96096089
96096090
96096091
96096092
96096093
96096094
96096095
96096096
96096097
96096098
96096099
96096100
96096101
96096102
96096103
96096104
96096105
96096106
96096107
96096108
96096109
96096110
96096111
96096112
96096113
96096114
96096115
96096116
96096117
96096118
96096119
96096120
96096121
96096122
96096123
96096124
96096125
96096126
96096127
96096128
96096129
96096130
96096131
96096132
96096133
96096134
96096135
96096136
96096137
96096138
96096139
96096140
96096141
