96095951
96095952
96095953
96095954
96095955
96095956
96095957
96095958
96095959
96095960
96095961
96095962
96095963
96095964
96095965
96095966
96095967
96095968
96095969
96095970
96095971
96095972
96095973
96095974
96095975
96095976
96095977
96095978
96095979
96095980
96095981
96095982
96095983
96095984
96095985
96095986
96095987
96095988
96095989
96095990
96095991
96095992
96095993
96095994
96095995
96095996
96095997
96095998
96095999
96096000
96096001
96096002
96096003
96096004
96096005
96096006
96096007
96096008
96096009
96096010
96096011
96096012
96096013
96096014
96096015
96096016
96096017
96096018
96096019
96096020
96096021
96096022
96096023
96096024
96096025
96096026
96096027
96096028
96096029
96096030
96096031
96096032
96096033
96096034
96096035
96096036
96096037
96096038
96096039
96096040
96096041
96096042
96096043
96096044
