96661308
96661309
96661310
96661311
96661312
96661313
96661314
96661315
96661316
96661317
96661318
96661319
96661320
96661321
96661322
96661323
96661324
96661325
96661326
96661327
96661328
96661329
96661330
96661331
96661332
96661333
96661334
96661335
96661336
96661337
96661338
96661339
96661340
96661341
96661342
96661343
96661344
96661345
96661346
96661347
96661348
96661349
96661350
96661351
96661352
96661353
96661354
96661355
96661356
96661357
96661358
96661359
96661360
96661361
96661362
96661363
96661364
96661365
96661366
96661367
96661368
96661369
96661370
96661371
96661372
96661373
96661374
96661375
96661376
96661377
96661378
96661379
96661380
96661381
96661382
96661383
96661384
96661385
96661386
96661387
96661388
96661389
96661390
96661391
96661392
