96927285
96927286
96927184
96927185
96927182
96927183
96927187
96927188
96927189
96927190
96927191
96927192
96927193
96927194
96927195
96927196
96927197
96927198
96927199
96927200
96927201
96927202
96927203
96927204
96927240
96927241
96927242
96927243
96927266
96927267
96927268
96927269
96927270
96927271
96927272
96927186
96927205
96927206
96927207
96927208
96927209
96927210
96927211
96927212
96927213
96927214
96927215
96927216
96927217
96927218
96927219
96927220
96927221
96927222
96927223
96927224
96927225
96927226
96927227
96927228
96927229
96927230
96927231
96927232
96927233
96927234
96927235
96927236
96927237
96927238
96927239
96927244
96927245
96927246
96927247
96927248
96927249
96927250
96927251
96927252
96927253
96927254
96927255
96927256
96927257
96927258
96927259
96927260
96927261
96927262
96927263
96927264
96927265
96927273
96927274
96927275
96927276
96927277
96927278
96927279
96927280
96927281
96927282
96927283
96927284
