96481774
96481775
96481776
96481777
96481778
96481779
96481780
96481781
96481782
96481783
96481784
96481785
96481786
96481787
96481788
96481789
96481790
96481791
96481792
96481793
96481794
96481795
96481796
96481797
96481798
96481799
96481800
96481801
96481802
96481803
96481804
96481805
96481806
96481807
96481808
96481809
96481810
96481811
96481812
96481813
96481814
96481815
96481816
96481817
96481818
96481819
96481820
96481821
96481822
96481823
96481824
96481825
96481826
96481827
96481828
96481829
96481830
96481831
96481832
96481833
96481834
96481835
96481836
96481837
96481838
96481839
96481840
96481841
96481842
96481843
96481844
96481845
96481846
96481847
96481848
96481849
96481850
96481851
96481852
96481853
96481854
96481855
96481856
96481857
96481858
96481859
96481860
96481861
96481862
96481863
96481864
