96845867
96845868
96845869
96845870
96845871
96845872
96845873
96845874
96845875
96845876
96845877
96845878
96845879
96845880
96845881
96845882
96845883
96845884
96845885
96845886
96845887
96845888
96845889
96845890
96845891
96845892
96845893
96845894
96845895
96845896
96845897
96845898
96845899
96845900
96845901
96845902
96845903
96845904
96845905
96845906
96845907
96845908
96845909
96845910
96845911
96845912
96845913
96845914
96845915
96845916
96845917
96845918
96845919
96845920
96845921
96845922
96845923
96845924
96845925
96845926
96845927
96845928
96845929
96845930
96845931
96845932
96845933
96845934
96845935
96845936
96845937
96845938
96845939
96845940
96845941
96845942
96845943
96845944
96845945
96845946
96845947
96845948
96845949
96845950
96845951
