96846627
96846628
96846634
96846710
96846711
96846712
96846713
96846714
96846715
96846716
96846717
96846718
96846719
96846720
96846721
96846722
96846723
96846724
96846629
96846630
96846631
96846632
96846633
96846635
96846636
96846637
96846638
96846639
96846640
96846641
96846642
96846643
96846644
96846645
96846646
96846647
96846648
96846649
96846650
96846651
96846652
96846653
96846654
96846655
96846656
96846657
96846658
96846659
96846660
96846661
96846662
96846663
96846664
96846665
96846666
96846667
96846668
96846669
96846670
96846671
96846672
96846673
96846674
96846675
96846676
96846677
96846678
96846679
96846680
96846681
96846682
96846683
96846684
96846685
96846686
96846687
96846688
96846689
96846690
96846691
96846692
96846693
96846694
96846695
96846696
96846697
96846698
96846699
96846700
96846701
96846702
96846703
96846704
96846705
96846706
96846707
96846708
96846709
96846725
96846726
