96556884
96556885
96556886
96556887
96556888
96556889
96556890
96556891
96556892
96556893
96556894
96556895
96556896
96556897
96556898
96556899
96556900
96556901
96556902
96556903
96556904
96556905
96556906
96556907
96556908
96556909
96556910
96556911
96556912
96556913
96556914
96556915
96556916
96556917
96556918
96556919
96556920
96556921
96556922
96556923
96556924
96556925
96556926
96556927
96556928
96556929
96556930
96556931
96556932
96556933
96556934
96556935
96556936
96556937
96556938
96556939
96556940
96556941
96556942
96556943
96556944
96556945
96556946
96556947
96556948
96556949
96556950
96556951
96556952
96556953
96556954
96556955
96556956
96556957
96556958
96556959
96556960
96556961
96556962
96556963
96556964
