96558377
96558378
96558379
96558380
96558381
96558382
96558383
96558384
96558385
96558386
96558387
96558388
96558389
96558390
96558391
96558392
96558393
96558394
96558395
96558396
96558397
96558398
96558399
96558400
96558401
96558402
96558403
96558404
96558405
96558406
96558407
96558408
96558409
96558410
96558411
96558412
96558413
96558414
96558415
96558416
96558417
96558418
96558419
96558420
96558421
96558422
96558423
96558424
96558425
96558426
96558427
96558428
96558429
96558430
96558431
96558432
96558433
96558434
96558435
96558436
96558437
96558438
96558439
96558440
96558441
96558442
96558443
96558444
96558445
96558446
96558447
96558448
96558449
96558450
96558451
96558452
96558453
96558454
96558455
96558456
96558457
96558458
96558459
96558460
96558461
96558462
96558463
96558464
96558465
96558466
96558467
96558468
