96662322
96662323
96662324
96662325
96662326
96662327
96662328
96662329
96662330
96662331
96662332
96662333
96662334
96662335
96662336
96662337
96662338
96662339
96662340
96662341
96662342
96662343
96662344
96662345
96662346
96662347
96662348
96662349
96662350
96662351
96662352
96662353
96662354
96662355
96662356
96662357
96662358
96662359
96662360
96662361
96662362
96662363
96662364
96662365
96662366
96662367
96662368
96662369
96662370
96662371
96662372
96662373
96662374
96662375
96662376
96662377
96662378
96662379
96662380
96662381
96662382
96662383
96662384
96662385
96662386
96662387
96662388
96662389
96662390
96662391
96662392
96662393
96662394
96662395
96662396
96662397
96662398
96662399
96662400
96662401
96662402
96662403
96662404
96662405
96662406
96662407
96662408
96662409
