96927702
96927703
96927704
96927705
96927706
96927707
96927708
96927709
96927710
96927711
96927712
96927713
96927714
96927715
96927716
96927717
96927718
96927719
96927720
96927721
96927722
96927723
96927724
96927725
96927726
96927727
96927728
96927729
96927730
96927731
96927732
96927733
96927734
96927735
96927736
96927737
96927738
96927739
96927740
96927741
96927742
96927743
96927744
96927745
96927746
96927747
96927748
96927749
96927750
96927751
96927752
96927753
96927754
96927755
96927756
96927757
96927758
96927759
96927760
96927761
96927762
96927763
96927764
96927765
96927766
96927767
96927768
96927769
96927770
96927771
96927772
96927773
96927774
96927775
96927776
96927777
96927778
96927779
96927780
96927781
96927782
96927783
96927784
96927785
96927786
96927787
96927788
96927789
96927790
96927791
96927792
96927793
96927794
