97106309
97106310
97106311
97106312
97106313
97106314
97106315
97106316
97106317
97106318
97106319
97106320
97106321
97106322
97106323
97106324
97106325
97106326
97106327
97106328
97106329
97106330
97106331
97106332
97106333
97106334
97106335
97106336
97106337
97106338
97106339
97106340
97106341
97106342
97106343
97106344
97106345
97106346
97106347
97106348
97106349
97106350
97106351
97106352
97106353
97106354
97106355
97106356
97106357
97106358
97106359
97106360
97106361
97106362
97106363
97106364
97106365
97106366
97106367
97106368
97106369
97106370
97106371
97106372
97106373
97106374
97106375
97106376
97106377
97106378
97106379
97106380
97106381
97106382
97106383
97106384
97106385
97106386
97106387
97106388
97106389
97106390
97106391
97106392
97106393
97106394
97106395
97106396
97106397
97106398
97106399
97106400
97106401
97106402
97106403
