96928121
96928123
96928124
96928192
96928193
96928133
96928134
96928122
96928125
96928126
96928127
96928128
96928129
96928130
96928131
96928132
96928136
96928135
96928137
96928138
96928139
96928140
96928141
96928142
96928143
96928144
96928145
96928146
96928147
96928148
96928149
96928150
96928151
96928152
96928153
96928154
96928155
96928156
96928157
96928158
96928159
96928160
96928161
96928162
96928163
96928164
96928165
96928166
96928167
96928168
96928169
96928170
96928171
96928172
96928173
96928174
96928175
96928176
96928177
96928178
96928179
96928180
96928181
96928182
96928183
96928184
96928185
96928186
96928187
96928188
96928189
96928190
96928191
96928194
96928195
96928196
96928197
96928198
96928199
96928200
96928201
96928202
96928203
96928204
96928205
96928206
96928207
96928208
96928209
