96928459
96928460
96928461
96928462
96928463
96928464
96928465
96928466
96928467
96928468
96928469
96928470
96928471
96928472
96928473
96928474
96928475
96928476
96928477
96928478
96928479
96928480
96928481
96928482
96928483
96928484
96928485
96928486
96928487
96928488
96928489
96928490
96928491
96928492
96928493
96928494
96928495
96928496
96928497
96928498
96928499
96928500
96928501
96928502
96928503
96928504
96928505
96928506
96928507
96928508
96928509
96928510
96928511
96928512
96928513
96928514
96928515
96928516
96928517
96928518
96928519
96928520
96928521
96928522
96928523
96928524
96928525
96928526
96928527
96928528
96928529
96928530
96928531
96928532
96928533
96928534
96928535
96928536
96928537
96928538
96928539
96928540
96928541
