96927014
96927015
96927016
96926980
96926981
96926982
96927006
96927007
96927008
96927009
96927010
96927011
96927012
96927013
96927030
96927031
96927032
96927033
96927034
96927035
96927036
96927037
96927038
96927039
96927040
96927041
96927042
96927043
96927044
96927055
96927003
96927004
96927017
96927018
96927019
96927020
96927021
96927022
96927023
96927024
96927025
96927026
96927027
96927028
96927029
96927045
96927046
96927047
96927048
96927049
96927050
96927051
96927052
96927053
96927054
96927073
96927074
96927075
96927076
96927077
96927078
96927079
96927080
96927086
96927087
96927088
96927089
96927090
96927091
96927092
96927093
96927094
96927095
96927096
96927097
96926983
96926984
96926985
96926986
96926987
96926988
96926989
96926990
96926991
96926992
96926993
96926994
96926995
96926996
96926997
96926998
96926999
96927000
96927001
96927002
96927005
96927056
96927057
96927058
96927059
96927060
96927061
96927062
96927063
96927064
96927065
96927066
96927067
96927068
96927069
96927070
96927071
96927072
96927081
96927082
96927083
96927084
96927085
96927098
96927099
96927100
96927101
96927102
96927103
96927104
96927105
96927106
