96926030
96926031
96926032
96926033
96926034
96926035
96926036
96926037
96926038
96925945
96925946
96925947
96925948
96925949
96925950
96925951
96925952
96925953
96925954
96925955
96925956
96926039
96926040
96926041
96926042
96926043
96926044
96925957
96925958
96925959
96925960
96925961
96925962
96925963
96925964
96925965
96925966
96925967
96925968
96925969
96925970
96925971
96925972
96925973
96925974
96925975
96925976
96925977
96925978
96925979
96925980
96925981
96925982
96925983
96925984
96925985
96925986
96925987
96925988
96925989
96925990
96925991
96925992
96925993
96925994
96925995
96925996
96925997
96925998
96925999
96926000
96926001
96926002
96926003
96926004
96926005
96926006
96926007
96926008
96926009
96926010
96926011
96926012
96926013
96926014
96926015
96926016
96926017
96926018
96926019
96926020
96926021
96926022
96926023
96926024
96926025
96926026
96926027
96926028
96926029
