97072149
97072150
97072151
97072152
97072153
97072154
97072155
97072156
97072157
97072158
97072159
97072160
97072161
97072162
97072163
97072164
97072165
97072166
97072167
97072168
97072169
97072170
97072171
97072172
97072173
97072174
97072175
97072176
97072177
97072178
97072179
97072180
97072181
97072182
97072183
97072184
97072185
97072186
97072187
97072188
97072189
97072190
97072191
97072192
97072193
97072194
97072195
97072196
97072197
97072198
97072199
97072200
97072201
97072202
97072203
97072204
97072205
97072206
97072207
97072208
97072209
97072210
97072211
97072212
97072213
97072214
97072215
97072216
97072217
97072218
97072219
97072220
97072221
97072222
97072223
97072224
97072225
97072226
97072227
97072228
97072229
97072230
97072231
97072232
97072233
97072234
97072235
97072236
97072237
97072238
