97072331
97072332
97072333
97072334
97072335
97072336
97072347
97072348
97072349
97072360
97072361
97072362
97072363
97072369
97072370
97072371
97072372
97072337
97072338
97072339
97072340
97072341
97072342
97072343
97072344
97072345
97072346
97072350
97072351
97072352
97072353
97072354
97072355
97072356
97072357
97072358
97072359
97072374
97072388
97072389
97072390
97072391
97072392
97072393
97072394
97072395
97072396
97072397
97072398
97072399
97072364
97072365
97072366
97072367
97072368
97072373
97072375
97072376
97072377
97072378
97072379
97072380
97072381
97072382
97072383
97072384
97072385
97072386
97072387
97072400
97072401
97072402
97072403
97072404
97072405
97072406
97072407
97072408
97072409
97072410
97072411
97072412
97072413
97072414
97072415
97072416
97072417
97072418
97072419
97072420
97072421
97072422
97072423
97072424
97072425
