97268280
97268281
97268282
97268283
97268284
97268285
97268286
97268287
97268288
97268289
97268290
97268291
97268292
97268293
97268294
97268295
97268296
97268297
97268298
97268299
97268300
97268301
97268302
97268303
97268304
97268305
97268306
97268307
97268308
97268309
97268310
97268311
97268312
97268313
97268314
97268315
97268316
97268317
97268318
97268319
97268320
97268321
97268322
97268323
97268324
97268325
97268326
97268327
97268328
97268329
97268330
97268331
97268332
97268333
97268334
97268335
97268336
97268337
97268338
97268339
97268340
97268341
97268342
97268343
97268344
97268345
97268346
97268347
97268348
97268349
97268350
97268351
97268352
97268353
97268354
97268355
97268356
97268357
97268358
97268359
97268360
97268361
97268362
