96996545
96996546
96996547
96996548
96996549
96996550
96996551
96996552
96996553
96996554
96996555
96996556
96996557
96996558
96996559
96996560
96996561
96996562
96996563
96996564
96996565
96996566
96996567
96996568
96996569
96996570
96996571
96996572
96996573
96996574
96996575
96996576
96996577
96996578
96996579
96996580
96996581
96996582
96996583
96996584
96996585
96996586
96996587
96996588
96996589
96996590
96996591
96996592
96996593
96996594
96996595
96996596
96996597
96996598
96996599
96996600
96996601
96996602
96996603
96996604
96996605
96996606
96996607
96996608
96996609
96996610
96996611
96996612
96996613
96996614
96996615
96996616
96996617
96996618
96996619
96996620
96996621
96996622
96996623
96996624
96996625
96996626
96996627
