96995735
96995736
96995737
96995738
96995739
96995740
96995741
96995742
96995743
96995744
96995745
96995746
96995747
96995748
96995749
96995750
96995751
96995752
96995753
96995754
96995755
96995756
96995757
96995758
96995759
96995760
96995761
96995762
96995763
96995764
96995765
96995766
96995767
96995768
96995769
96995770
96995771
96995772
96995773
96995774
96995775
96995776
96995777
96995778
96995779
96995780
96995781
96995782
96995783
96995784
96995785
96995786
96995787
96995788
96995789
96995790
