97364282
97364283
97364284
97364285
97364286
97364287
97364288
97364289
97364290
97364291
97364292
97364293
97364294
97364295
97364296
97364297
97364298
97364299
97364300
97364301
97364302
97364303
97364304
97364305
97364306
97364307
97364308
97364309
97364310
97364311
97364312
97364313
97364314
97364315
97364316
97364317
97364318
97364319
97364320
97364321
97364322
97364323
97364324
97364325
97364326
97364327
97364328
97364329
97364330
97364331
97364332
97364333
97364334
97364335
97364336
97364337
97364338
97364339
97364340
97364341
97364342
97364343
97364344
97364345
97364346
97364347
97364348
97364349
97364350
97364351
97364352
97364353
97364354
97364355
97364356
97364357
97364358
97364359
97364360
97364361
97364362
97364363
97364364
97364365
97364366
