97920117
97920091
97920092
97920093
97920094
97920096
97920097
97920098
97920099
97920100
97920101
97920102
97920103
97920104
97920105
97920106
97920107
97920108
97920109
97920095
97920110
97920111
97920112
97920113
97920114
97920115
97920116
97920118
97920119
97920120
97920121
97920122
97920123
97920124
97920125
97920126
97920127
97920128
97920129
97920130
97920131
97920132
97920133
97920134
97920135
97920136
97920137
97920138
97920139
97920140
97920141
97920142
97920143
97920144
97920145
97920146
97920147
97920148
97920149
97920150
97920151
97920152
97920153
97920154
97920155
97920156
97920157
97920158
97920159
97920160
97920161
97920162
97920163
97920164
97920165
97920166
97920167
97920168
97920169
