97831493
97831494
97831495
97831496
97831497
97831498
97831499
97831500
97831501
97831502
97831503
97831504
97831505
97831506
97831507
97831508
97831509
97831510
97831511
97831512
97831513
97831514
97831516
97831517
97831518
97831519
97831520
97831521
97831522
97831523
97831528
97831529
97831530
97831531
97831532
97831533
97831534
97831535
97831536
97831537
97831538
97831539
97831540
97831541
97831542
97831543
97831544
97831545
97831546
97831547
97831548
97831549
97831550
97831551
97831552
97831553
97831554
97831555
97831556
97831557
97831558
97831559
97831560
97831561
97831562
97831563
97831564
97831565
97831566
97831567
97831568
97831569
97831570
97831571
97831572
97831573
97831574
97831575
97831576
97831577
97831578
97831579
97831580
97831581
97831515
97831524
97831525
97831526
97831527
