98019708
98019709
98019710
98019711
98019712
98019765
98019766
98019713
98019714
98019715
98019716
98019717
98019718
98019719
98019720
98019721
98019722
98019723
98019724
98019725
98019726
98019727
98019728
98019729
98019730
98019731
98019732
98019733
98019734
98019735
98019736
98019737
98019738
98019739
98019740
98019741
98019742
98019743
98019744
98019745
98019746
98019747
98019748
98019749
98019750
98019751
98019752
98019753
98019754
98019755
98019756
98019757
98019758
98019759
98019760
98019761
98019762
98019763
98019764
98019767
98019768
98019769
98019770
98019771
98019772
98019773
98019774
98019775
