97464995
97464996
97464997
97464998
97464999
97465000
97465001
97465002
97465003
97465004
97465005
97465006
97465007
97465008
97465009
97465010
97465011
97465012
97465013
97465014
97465015
97465016
97465017
97465018
97465019
97465020
97465021
97465022
97465023
97465024
97465025
97465026
97465027
97465028
97465029
97465030
97465031
97465032
97465033
97465034
97465035
97465036
97465037
97465038
97465039
97465040
97465041
97465042
97465043
97465044
97465045
97465046
97465047
97465048
97465049
97465050
97465051
97465052
97465053
97465054
