97863572
97863573
97863574
97863575
97863576
97863577
97863578
97863579
97863580
97863581
97863582
97863583
97863584
97863585
97863586
97863587
97863588
97863589
97863590
97863591
97863592
97863593
97863594
97863595
97863596
97863597
97863598
97863599
97863600
97863601
97863602
97863603
97863604
97863605
97863606
97863607
97863608
97863609
97863610
97863611
97863612
97863613
97863614
97863615
97863616
97863617
97863618
97863619
97863620
97863621
97863622
97863623
97863624
97863625
97863626
97863627
97863628
97863629
97863630
97863631
97863632
97863633
97863634
97863635
97863636
97863637
97863638
97863639
97863640
97863641
97863642
97863643
97863644
97863645
97863646
97863647
97863648
97863649
97863650
97863651
97863652
97863653
97863654
97863655
97863656
97863657
