97549469
97549464
97549465
97549466
97549467
97549468
97549524
97549525
97549526
97549527
97549528
97549529
97549530
97549531
97549532
97549533
97549534
97549535
97549536
97549537
97549538
97549539
97549540
97549541
97549470
97549471
97549472
97549473
97549474
97549475
97549476
97549477
97549478
97549479
97549480
97549481
97549482
97549483
97549484
97549485
97549486
97549487
97549488
97549489
97549490
97549491
97549492
97549493
97549494
97549495
97549496
97549497
97549498
97549499
97549500
97549501
97549502
97549503
97549504
97549505
97549506
97549507
97549508
97549509
97549510
97549511
97549512
97549513
97549514
97549515
97549516
97549517
97549518
97549519
97549520
97549521
97549522
97549523
97549542
97549543
97549544
97549545
97549546
97549547
97549548
97549549
97549550
97549551
97549552
97549553
97549554
