97831169
97831170
97831121
97831122
97831123
97831124
97831125
97831126
97831127
97831113
97831114
97831115
97831116
97831117
97831118
97831119
97831120
97831128
97831129
97831130
97831131
97831132
97831133
97831134
97831135
97831136
97831137
97831138
97831139
97831140
97831141
97831142
97831143
97831144
97831145
97831146
97831147
97831148
97831149
97831150
97831151
97831152
97831153
97831154
97831155
97831156
97831157
97831158
97831159
97831160
97831161
97831162
97831163
97831164
97831165
97831166
97831167
97831168
97831171
97831172
97831173
97831174
97831175
97831176
97831177
97831178
97831179
97831180
97831181
97831182
97831183
97831184
97831185
97831186
97831187
97831188
97831189
97831190
97831191
97831192
97831193
97831194
97831195
97831196
97831197
97831198
97831199
