97563543
97563544
97563545
97563546
97563547
97563548
97563549
97563550
97563551
97563552
97563553
97563561
97563562
97563563
97563564
97563565
97563566
97563567
97563570
97563571
97563572
97563573
97563574
97563575
97563576
97563577
97563578
97563579
97563580
97563581
97563582
97563583
97563584
97563585
97563586
97563587
97563588
97563589
97563590
97563591
97563592
97563593
97563594
97563595
97563596
97563597
97563598
97563599
97563600
97563601
97563602
97563603
97563604
97563605
97563606
97563607
97563608
97563609
97563610
97563611
97563612
97563620
97563621
97563622
97563554
97563555
97563556
97563557
97563558
97563559
97563560
97563613
97563614
97563615
97563616
97563617
97563618
97563619
97563624
97563625
97563626
97563627
97563628
97563629
97563630
97563631
97563632
97563633
97563634
97563635
97563636
97563637
97563638
97563568
97563569
97563623
