97589057
97589058
97589059
97589060
97589061
97589062
97589063
97589064
97589065
97589066
97589067
97589068
97589069
97589070
97589071
97589072
97589073
97589074
97589075
97589076
97589077
97589078
97589079
97589080
97589081
97589082
97589083
97589084
97589085
97589086
97589087
97589088
97589089
97589090
97589091
97589092
97589093
97589094
97589095
97589096
97589097
97589098
97589099
97589100
97589101
97589102
97589103
97589104
97589105
97589106
97589107
97589108
97589109
97589110
97589111
97589112
97589113
97589114
97589115
97589116
97589117
97589118
97589119
97589120
97589121
97589122
97589123
97589124
97589125
97589126
97589127
97589128
97589129
97589130
97589131
97589132
97589133
97589134
97589135
97589136
97589137
97589138
97589139
97589140
97589141
97589142
97589143
97589144
97589145
97589146
97589147
97589148
97589149
97589150
97589151
97589152
97589153
97589154
97589155
97589156
97589157
97589158
97589159
97589160
97589161
97589162
97589163
97589164
97589165
97589166
97589167
97589168
97589169
97589170
97589171
97589172
97589173
97589174
97589175
97589176
97589177
97589178
97589179
97589180
97589181
97589182
97589183
97589184
97589185
97589186
97589187
97589188
97589189
97589190
97589191
97589192
97589193
97589194
97589195
97589196
97589197
97589198
97589199
97589200
97589201
97589202
97589203
97589204
97589205
97589206
97589207
97589208
97589209
97589210
97589211
97589212
97589213
97589214
97589215
97589216
97589217
97589218
97589219
97589220
97589221
97589222
97589223
97589224
97589225
97589226
97589227
97589228
97589229
97589230
97589231
97589232
97589233
97589234
97589235
97589236
97589237
97589238
