98216104
98216105
98216106
98216107
98216108
98216109
98216110
98216111
98216112
98216113
98216114
98216115
98216116
98216117
98216118
98216119
98216120
98216121
98216122
98216123
98216124
98216125
98216126
98216127
98216128
98216129
98216130
98216131
98216132
98216133
98216134
98216135
98216136
98216137
98216138
98216139
98216140
98216141
98216142
98216143
98216144
98216145
98216146
98216147
98216148
98216149
98216150
98216151
98216152
98216153
98216154
98216155
98216156
98216157
98216158
98216159
98216160
98216161
98216162
98216163
98216164
98216165
98216166
98216167
98216168
98216169
98216170
98216171
98216172
98216173
98216174
98216175
98216176
98216177
98216178
98216179
98216180
98216181
98216182
98216183
98216184
98216185
98216186
98216187
98216188
98216189
98216190
98216191
