98312096
98312097
98312098
98312099
98312100
98312101
98312102
98312103
98312104
98312105
98312106
98312107
98312180
98312181
98312182
98312183
98312184
98312185
98312186
98312187
98312188
98312219
98312256
98312257
98312258
98312259
98312260
98312261
98312273
98312274
98312275
98312276
98312277
98312278
98312108
98312109
98312110
98312111
98312112
98312113
98312114
98312115
98312116
98312117
98312118
98312119
98312120
98312121
98312122
98312123
98312124
98312125
98312126
98312127
98312128
98312129
98312130
98312131
98312132
98312133
98312134
98312135
98312136
98312137
98312138
98312139
98312140
98312141
98312142
98312143
98312144
98312145
98312146
98312147
98312148
98312149
98312150
98312151
98312152
98312153
98312154
98312155
98312156
98312157
98312158
98312159
98312160
98312161
98312162
98312163
98312164
98312165
98312166
98312167
98312168
98312169
98312170
98312171
98312172
98312173
98312174
98312175
98312176
98312177
98312178
98312179
98312189
98312190
98312191
98312192
98312193
98312194
98312195
98312196
98312197
98312198
98312199
98312200
98312201
98312202
98312203
98312204
98312205
98312206
98312207
98312208
98312209
98312210
98312211
98312212
98312213
98312214
98312215
98312216
98312217
98312218
98312220
98312221
98312222
98312223
98312224
98312225
98312226
98312227
98312228
98312229
98312230
98312231
98312232
98312233
98312234
98312235
98312236
98312237
98312238
98312239
98312240
98312241
98312242
98312243
98312244
98312245
98312246
98312247
98312248
98312249
98312250
98312251
98312252
98312253
98312254
98312255
98312262
98312263
98312264
98312265
98312266
98312267
98312268
98312269
98312270
98312271
98312272
98312279
98312280
98312281
98312282
98312283
98312284
98312285
98312286
98312287
98312288
98312289
98312290
98312291
98312292
98312293
98312294
98312295
