98119455
98119456
98119457
98119458
98119459
98119460
98119461
98119462
98119463
98119464
98119465
98119466
98119467
98119468
98119469
98119470
98119471
98119472
98119473
98119474
98119475
98119476
98119477
98119478
98119479
98119480
98119481
98119482
98119483
98119484
98119485
98119486
98119487
98119488
98119489
98119490
98119491
98119492
98119493
98119494
98119495
98119496
98119497
98119498
98119499
98119500
98119501
98119502
98119503
98119504
98119505
98119506
98119507
98119508
98119509
98119510
98119511
98119512
98119513
98119514
98119515
98119516
98119517
98119518
98119519
98119520
98119521
98119522
98119523
98119524
98119525
98119526
98119527
98119528
98119529
98119530
98119531
98119532
98119533
98119534
98119535
98119536
98119537
98119538
98119539
98119540
98119541
98119542
98119543
98119544
98119545
98119546
98119547
98119548
98119549
98119550
98119551
98119552
98119553
98119554
98119555
98119556
98119557
98119558
98119559
