98216193
98216194
98216195
98216196
98216197
98216198
98216199
98216200
98216201
98216202
98216203
98216204
98216205
98216206
98216207
98216208
98216209
98216210
98216211
98216212
98216213
98216214
98216215
98216216
98216217
98216218
98216219
98216220
98216221
98216222
98216223
98216224
98216225
98216226
98216227
98216228
98216229
98216230
98216231
98216232
98216233
98216234
98216235
98216236
98216237
98216238
98216239
98216240
98216241
98216242
98216243
98216244
98216245
98216246
98216247
98216248
98216249
98216250
98216251
98216252
98216253
98216254
98216255
98216256
98216257
98216258
98216259
98216260
98216261
98216262
98216263
98216264
98216265
98216266
98216267
98216268
98216269
98216270
98216271
98216272
98216273
98216274
98216275
98216276
98216277
98216278
98216279
98216280
98216281
98216282
98216283
98216284
98216285
98216286
98216287
98216288
98216289
98216290
