98216292
98216293
98216294
98216295
98216296
98216297
98216298
98216299
98216300
98216301
98216302
98216303
98216304
98216305
98216306
98216307
98216308
98216309
98216310
98216311
98216312
98216313
98216314
98216315
98216316
98216317
98216318
98216319
98216320
98216321
98216322
98216323
98216324
98216325
98216326
98216327
98216328
98216329
98216330
98216331
98216332
98216333
98216334
98216335
98216336
98216337
98216338
98216339
98216340
98216341
98216342
98216343
98216344
98216345
98216346
98216347
98216348
98216349
98216350
98216351
98216352
98216353
98216354
98216355
98216356
98216357
98216358
98216359
98216360
98216361
98216362
98216363
98216364
98216365
98216366
98216367
