98283085
98283086
98283087
98283088
98283089
98283090
98283091
98283092
98283093
98283094
98283095
98283096
98283097
98283098
98283099
98283100
98283101
98283102
98283103
98283104
98283105
98283106
98283107
98283108
98283109
98283110
98283111
98283112
98283113
98283114
98283115
98283116
98283117
98283118
98283119
98283120
98283121
98283122
98283123
98283124
98283125
98283126
98283127
98283128
98283129
98283130
98283131
98283132
98283133
98283134
98283135
98283136
98283137
98283138
98283139
98283140
98283141
98283142
98283143
98283144
98283145
98283146
98283147
98283148
98283149
98283150
98283151
98283152
98283153
98283154
98283155
98283156
98283157
98283158
98283159
98283160
98283161
98283162
98283163
98283164
98283165
98283166
98283167
98283168
98283169
98283170
98283171
