98409113
98409114
98409115
98409116
98409117
98409118
98409119
98409120
98409121
98409122
98409123
98409124
98409125
98409126
98409127
98409128
98409129
98409130
98409131
98409132
98409133
98409134
98409135
98409136
98409137
98409138
98409139
98409140
98409141
98409142
98409143
98409144
98409145
98409146
98409147
98409148
98409149
98409150
98409151
98409152
98409153
98409154
98409155
98409156
98409157
98409158
98409159
98409160
98409161
98409162
98409163
98409164
98409165
98409166
98409167
98409168
98409169
98409170
98409171
98409172
98409173
98409174
98409175
98409176
98409177
98409178
98409179
98409180
98409181
98409182
98409183
98409184
98409185
98409186
98409187
98409188
98409189
98409190
98409191
98409192
98409193
98409194
98409195
98409196
98409197
