98087933
98087934
98087935
98087936
98087937
98087938
98087939
98087940
98087941
98087942
98087943
98087944
98087945
98087946
98087947
98087948
98087949
98087950
98087951
98087952
98087953
98087954
98087955
98087956
98087957
98087958
98087959
98087960
98087961
98087962
98087963
98087964
98087965
98087966
98087967
98087968
98087969
98087970
98087971
98087972
98087973
98087974
98087975
98087976
98087977
98087978
98087979
98087980
98087981
98087982
98087983
98087984
98087985
98087986
98087987
98087988
98087989
98087990
98087991
98087992
98087993
98087994
98087995
98087996
98087997
98087998
98087999
98088000
98088001
98088002
98088003
98088004
98088005
98088006
98088007
98088008
98088009
98088010
98088011
98088012
98088013
98088014
98088015
98088016
98088017
98088018
98088019
98088020
98088021
98088022
