98408899
98408900
98408901
98408902
98408903
98408904
98409055
98409056
98409057
98409058
98408911
98408912
98408913
98408914
98408915
98408916
98408917
98408918
98408919
98408920
98408921
98408922
98408945
98408946
98408947
98408948
98408949
98408950
98408951
98408952
98408953
98408954
98408955
98408956
98408957
98408958
98408959
98408960
98408961
98408962
98408963
98408964
98408965
98408966
98408967
98408968
98408969
98408970
98408971
98408972
98408973
98408974
98408975
98408976
98408977
98408905
98408906
98408907
98408908
98408909
98408910
98408939
98408940
98408941
98408942
98409042
98409043
98409044
98409045
98409059
98409060
98409061
98409062
98409063
98408923
98408924
98408925
98408926
98408927
98408928
98408929
98408930
98408931
98408932
98408933
98408934
98408935
98408936
98408937
98408938
98408943
98408944
98408978
98408979
98408980
98408981
98408982
98408983
98408984
98408985
98408986
98408987
98408988
98408989
98408990
98408991
98408992
98408993
98408994
98408995
98408996
98408997
98408998
98408999
98409000
98409001
98409002
98409003
98409004
98409005
98409006
98409007
98409008
98409009
98409010
98409011
98409012
98409013
98409014
98409015
98409016
98409017
98409018
98409019
98409020
98409021
98409022
98409023
98409024
98409025
98409026
98409027
98409028
98409029
98409030
98409031
98409032
98409033
98409034
98409035
98409036
98409037
98409038
98409039
98409040
98409041
98409046
98409047
98409048
98409049
98409050
98409051
98409052
98409053
98409054
