98408682
98408683
98408745
98408778
98408779
98408780
98408781
98408782
98408783
98408688
98408689
98408690
98408691
98408692
98408784
98408785
98408786
98408693
98408694
98408695
98408696
98408697
98408698
98408699
98408700
98408701
98408702
98408787
98408684
98408685
98408686
98408687
98408703
98408704
98408705
98408706
98408707
98408708
98408709
98408710
98408711
98408712
98408713
98408714
98408715
98408716
98408717
98408718
98408719
98408720
98408721
98408722
98408723
98408724
98408725
98408726
98408727
98408728
98408729
98408730
98408731
98408732
98408733
98408734
98408735
98408736
98408737
98408738
98408739
98408740
98408741
98408742
98408743
98408744
98408746
98408747
98408748
98408749
98408750
98408751
98408752
98408753
98408754
98408755
98408756
98408757
98408758
98408759
98408760
98408761
98408762
98408763
98408764
98408765
98408766
98408767
98408768
98408769
98408770
98408771
98408772
98408773
98408774
98408775
98408776
98408777
