98283826
98283827
98283828
98283829
98283811
98283812
98283813
98283814
98283819
98283820
98283821
98283822
98283823
98283824
98283825
98283830
98283831
98283832
98283833
98283834
98283841
98283842
98283843
98283844
98283845
98283846
98283847
98283848
98283849
98283850
98283851
98283852
98283853
98283854
98283855
98283856
98283857
98283858
98283859
98283860
98283861
98283862
98283863
98283864
98283865
98283866
98283867
98283868
98283869
98283870
98283871
98283872
98283873
98283874
98283875
98283876
98283877
98283878
98283879
98283880
98283881
98283882
98283883
98283884
98283885
98283886
98283887
98283888
98283889
98283890
98283891
98283892
98283893
98283894
98283807
98283808
98283809
98283810
98283815
98283816
98283817
98283818
98283835
98283836
98283837
98283838
98283839
98283840
