98380104
98380105
98380106
98380107
98380108
98380109
98380110
98380111
98380112
98380113
98380114
98380115
98380116
98380117
98380118
98380119
98380120
98380121
98380122
98380123
98380124
98380125
98380126
98380127
98380128
98380129
98380130
98380131
98380132
98380133
98380134
98380135
98380136
98380137
98380138
98380139
98380140
98380141
98380142
98380143
98380144
98380145
98380146
98380147
98380148
98380149
98380150
98380151
98380152
98380153
98380154
98380155
98380156
98380157
98380158
98380159
98380160
98380161
98380162
98380163
98380164
98380165
98380166
98380167
98380168
98380169
98380170
98380171
98380172
98380173
98380174
98380175
98380176
98380177
98380178
98380179
98380180
98380181
98380182
98380183
98380184
98380185
98380186
98380187
98380188
