98658754
98658755
98658756
98658757
98658758
98658759
98658760
98658761
98658762
98658763
98658764
98658765
98658766
98658767
98658768
98658769
98658770
98658771
98658772
98658773
98658774
98658775
98658776
98658777
98658778
98658779
98658780
98658781
98658782
98658783
98658784
98658785
98658786
98658787
98658788
98658789
98658790
98658791
98658792
98658793
98658794
98658795
98658796
98658797
98658798
98658799
98658800
98658801
98658802
98658803
98658804
98658805
98658806
98658807
98658808
98658809
98658810
98658811
98658812
98658813
98658814
98658815
98658816
98658817
98658818
98658819
98658820
98658821
98658822
98658823
98658824
98658825
98658826
98658827
98658828
98658829
98658830
98658831
98658832
98658833
98658834
98658835
98658836
98658837
98658838
98658839
98658840
98658841
98658842
98658843
98658844
98658845
98658846
98658847
98658848
98658849
98658850
98658851
98658852
98658853
98658854
98658855
98658856
98658857
98658858
98658859
98658860
98658861
98658862
98658863
98658864
98658865
98658866
98658867
98658868
98658869
98658870
98658871
98658872
98658873
98658874
98658875
98658876
98658877
98658878
98658879
98658880
98658881
98658882
98658883
98658884
98658885
98658886
98658887
98658888
98658889
98658890
98658891
98658892
98658893
98658894
98658895
98658896
