98479365
98479366
98479367
98479368
98479369
98479370
98479371
98479372
98479373
98479374
98479375
98479376
98479377
98479378
98479379
98479380
98479381
98479382
98479383
98479384
98479385
98479386
98479387
98479388
98479389
98479390
98479391
98479392
98479393
98479394
98479395
98479396
98479397
98479398
98479399
98479400
98479401
98479402
98479403
98479404
98479405
98479406
98479407
98479408
98479409
98479410
98479411
98479412
98479413
98479414
98479415
98479416
98479417
98479418
98479419
98479420
98479421
98479422
98479423
98479424
98479425
98479426
98479427
98479428
98479429
98479430
98479431
98479432
98479433
98479434
98479435
98479436
98479437
98479438
98479439
98479440
98479441
98479442
98479443
98479444
98479445
98479446
98479447
98479448
98479449
98479450
98479451
98479452
