98480978
98480979
98480980
98480981
98480982
98480983
98480984
98480985
98480986
98480987
98480988
98480989
98480990
98480991
98480992
98480993
98480994
98480995
98480996
98480997
98480998
98480999
98481000
98481001
98481002
98481003
98481004
98481005
98481006
98481007
98481008
98481009
98481010
98481011
98481012
98481013
98481014
98481015
98481016
98481017
98481018
98481019
98481020
98481021
98481022
98481023
98481024
98481025
98481026
98481027
98481028
98481029
98481030
98481031
98481032
98481033
98481034
98481035
98481036
98481037
98481038
98481039
98481040
98481041
98481042
98481043
98481044
98481045
98481046
98481047
98481048
98481049
98481050
98481051
98481052
98481053
98481054
98481055
98481056
98481057
98481058
98481059
98481060
98481061
98481062
98481063
98481064
98481065
98481066
98481067
98481068
98481069
98481070
98481071
98481072
98481073
98481074
