98479486
98479487
98479453
98479454
98479455
98479456
98479457
98479458
98479459
98479460
98479461
98479478
98479479
98479480
98479481
98479482
98479541
98479542
98479543
98479544
98479462
98479463
98479464
98479465
98479466
98479467
98479468
98479469
98479470
98479471
98479472
98479473
98479474
98479475
98479476
98479477
98479483
98479484
98479485
98479488
98479489
98479490
98479491
98479492
98479493
98479494
98479495
98479496
98479497
98479498
98479499
98479500
98479501
98479502
98479503
98479504
98479505
98479506
98479507
98479508
98479509
98479510
98479511
98479512
98479513
98479514
98479515
98479516
98479517
98479518
98479519
98479520
98479521
98479522
98479523
98479524
98479525
98479526
98479527
98479528
98479529
98479530
98479531
98479532
98479533
98479534
98479535
98479536
98479537
98479538
98479539
98479540
98479545
98479546
98479547
98479548
98479549
98479550
98479551
98479552
98479553
98479554
98479555
98479556
98479557
98479558
98479559
98479560
98479561
98479562
98479563
98479564
98479565
98479566
