99018386
99018387
99018388
99018389
99018390
99018391
99018392
99018393
99018394
99018395
99018396
99018397
99018398
99018399
99018400
99018401
99018402
99018403
99018404
99018405
99018406
99018407
99018408
99018409
99018410
99018411
99018412
99018413
99018414
99018415
99018416
99018417
99018418
99018419
99018420
99018421
99018422
99018423
99018424
99018425
99018426
99018427
99018428
99018429
99018430
99018431
99018432
99018433
99018434
99018435
99018436
99018437
99018438
99018439
99018440
99018441
99018442
99018443
99018444
99018445
99018446
99018447
99018448
99018449
99018450
99018451
99018452
99018453
99018454
99018455
99018456
99018457
99018458
99018459
99018460
99018461
99018462
99018463
99018464
99018465
99018466
99018467
99018468
99018469
99018470
99018471
99018472
99018473
99018474
99018475
99018476
99018477
99018478
99018479
99018480
99018481
99018482
99018483
99018484
99018485
99018486
99018487
99018488
99018489
99018490
99018491
99018492
99018493
99018494
99018495
99018496
99018497
99018498
