99309391
99309392
99309404
99309405
99309406
99309407
99309408
99309409
99309393
99309394
99309395
99309396
99309397
99309398
99309399
99309400
99309401
99309402
99309403
99309410
99309411
99309412
99309413
99309414
99309415
99309416
99309417
99309418
99309419
99309420
99309421
99309422
99309423
99309424
99309425
99309426
99309427
99309428
99309429
99309430
99309431
99309432
99309433
99309434
99309435
99309436
99309437
99309438
99309439
99309440
99309441
99309442
99309443
99309444
99309445
99309446
99309447
99309448
99309449
99309450
99309451
99309452
99309453
99309454
99309455
99309456
99309457
99309458
99309459
99309460
