98942468
98942469
98942470
98942471
98942476
98942477
98942478
98942479
98942480
98942481
98942482
98942483
98942484
98942485
98942486
98942487
98942488
98942489
98942490
98942491
98942492
98942493
98942494
98942495
98942496
98942497
98942498
98942499
98942500
98942501
98942502
98942503
98942425
98942426
98942427
98942428
98942435
98942436
98942437
98942438
98942440
98942441
98942442
98942443
98942444
98942445
98942446
98942447
98942448
98942449
98942450
98942451
98942452
98942453
98942454
98942455
98942456
98942457
98942458
98942459
98942405
98942406
98942407
98942408
98942409
98942410
98942411
98942412
98942413
98942414
98942415
98942416
98942417
98942418
98942419
98942420
98942421
98942422
98942423
98942429
98942430
98942431
98942432
98942433
98942434
98942439
98942467
98942424
98942404
98942460
98942461
98942462
98942463
98942464
98942465
98942466
98942472
98942473
98942474
98942475
