99112941
99112942
99112943
99112944
99112945
99112946
99112947
99112948
99112949
99112950
99112951
99112952
99112953
99112954
99112955
99112956
99112957
99112958
99112959
99112960
99112961
99112962
99112963
99112964
99112965
99112966
99112967
99112968
99112969
99112970
99112971
99112972
99112973
99112974
99112975
99112976
99112977
99112978
99112979
99112980
99112981
99112982
99112983
99112984
99112985
99112986
99112987
99112988
99112989
99112990
99112991
99112992
99112993
99112994
99112995
99112996
99112997
99112998
99112999
99113000
99113001
99113002
99113003
99113004
99113005
99113006
99113007
99113008
99113009
99113010
99113011
99113012
99113013
99113014
99113015
99113016
99113017
99113018
99113019
99113020
99113021
99113022
99113023
99113024
99113025
99113026
99113027
99113028
99113029
99113030
99113031
99113032
99113033
99113034
