99018175
99018192
99018193
99018194
99018195
99018196
99018197
99018198
99018199
99018200
99018216
99018217
99018218
99018219
99018220
99018221
99018232
99018233
99018234
99018262
99018263
99018264
99018265
99018266
99018267
99018268
99018269
99018155
99018231
99018235
99018236
99018237
99018238
99018239
99018240
99018241
99018242
99018243
99018244
99018245
99018154
99018176
99018177
99018178
99018179
99018180
99018181
99018182
99018183
99018184
99018185
99018186
99018201
99018202
99018203
99018204
99018205
99018206
99018207
99018208
99018209
99018210
99018222
99018223
99018224
99018225
99018226
99018227
99018228
99018229
99018230
99018246
99018247
99018248
99018249
99018250
99018251
99018252
99018253
99018156
99018157
99018158
99018159
99018160
99018161
99018162
99018163
99018164
99018165
99018166
99018167
99018168
99018169
99018170
99018171
99018172
99018173
99018174
99018187
99018188
99018189
99018190
99018191
99018211
99018212
99018213
99018214
99018215
99018254
99018255
99018256
99018257
99018258
99018259
99018260
99018261
