99413306
99413307
99413308
99413309
99413310
99413311
99413312
99413313
99413314
99413315
99413316
99413317
99413318
99413319
99413320
99413321
99413322
99413323
99413324
99413325
99413326
99413327
99413328
99413329
99413330
99413331
99413332
99413333
99413334
99413335
99413336
99413337
99413338
99413339
99413340
99413341
99413342
99413346
99413347
99413348
99413349
99413350
99413351
99413352
99413353
99413354
99413355
99413356
99413357
99413358
99413359
99413360
99413361
99413362
99413363
99413364
99413365
99413366
99413367
99413368
99413369
99413370
99413371
99413372
99413380
99413381
99413382
99413383
99413384
99413385
99413386
99413387
99413388
99413389
99413302
99413303
99413304
99413305
99413343
99413344
99413345
99413373
99413374
99413375
99413376
99413377
99413378
99413379
99413395
99413396
99413397
99413399
99413400
99413401
99413402
99413403
99413404
99413405
99413406
99413407
99413390
99413391
99413392
99413393
99413394
99413398
99413408
