99310748
99310749
99310750
99310751
99310752
99310753
99310754
99310755
99310756
99310757
99310758
99310759
99310760
99310761
99310762
99310763
99310764
99310765
99310766
99310767
99310768
99310769
99310770
99310771
99310772
99310773
99310774
99310775
99310776
99310777
99310778
99310779
99310780
99310781
99310782
99310783
99310784
99310785
99310786
99310787
99310788
99310789
99310790
99310791
99310792
99310793
99310794
99310795
99310796
99310797
99310798
99310799
99310800
99310801
99310802
99310803
99310804
99310805
99310806
99310807
99310808
99310809
99310810
99310811
99310812
99310813
99310814
99310815
99310816
99310817
99310818
99310819
99310820
99310821
99310822
99310823
99310824
99310825
99310826
99310827
99310828
99310829
99310830
99310831
99310832
99310833
99310834
99310835
99310836
99310837
99310838
99310839
99310840
99310841
99310842
99310843
99310844
99310845
99310846
99310847
99310848
99310849
99310850
99310851
99310852
99310853
99310854
99310855
99310856
99310857
99310858
99310859
99310860
99310861
99310862
99310863
99310864
99310865
99310866
99310867
99310868
99310869
99310870
99310871
99310872
99310873
99310874
99310875
99310876
99310877
99310878
99310879
99310880
99310881
99310882
99310883
99310884
99310885
99310886
99310887
99310888
99310889
99310890
99310891
99310892
99310893
99310894
99310895
99310896
99310897
99310898
99310899
99310900
99310901
99310902
99310903
99310904
99310905
99310906
99310907
99310908
99310909
99310910
99310911
99310912
99310913
99310914
