99209606
99209607
99209608
99209609
99209610
99209611
99209612
99209613
99209614
99209615
99209616
99209617
99209618
99209619
99209620
99209621
99209622
99209623
99209624
99209625
99209626
99209627
99209628
99209629
99209630
99209631
99209632
99209633
99209634
99209635
99209636
99209637
99209638
99209639
99209640
99209641
99209642
99209643
99209644
99209645
99209646
99209647
99209648
99209649
99209650
99209651
99209652
99209653
99209654
99209655
99209656
99209657
99209658
99209659
99209660
99209661
99209662
99209663
99209664
99209665
99209666
99209667
99209668
99209669
99209670
99209671
99209672
99209673
99209674
99209675
99209676
