99384350
99384351
99384352
99384353
99384354
99384355
99384356
99384357
99384358
99384359
99384360
99384361
99384362
99384363
99384366
99384367
99384368
99384369
99384370
99384371
99384382
99384383
99384384
99384385
99384386
99384387
99384388
99384389
99384398
99384399
99384400
99384401
99384402
99384403
99384404
99384405
99384406
99384407
99384408
99384409
99384410
99384411
99384412
99384413
99384427
99384428
99384429
99384430
99384431
99384432
99384433
99384434
99384435
99384436
99384437
99384443
99384444
99384445
99384446
99384447
99384448
99384449
99384450
99384451
99384452
99384453
99384454
99384455
99384456
99384457
99384458
99384459
99384460
99384461
99384462
99384463
99384464
99384465
99384466
99384467
99384468
99384347
99384348
99384349
99384364
99384365
99384372
99384373
99384374
99384375
99384376
99384377
99384378
99384379
99384380
99384381
99384390
99384391
99384392
99384393
99384394
99384395
99384396
99384397
99384414
99384415
99384416
99384417
99384418
99384419
99384420
99384421
99384422
99384423
99384424
99384425
99384426
99384438
99384439
99384440
99384441
99384442
