99280693
99280694
99280695
99280696
99280697
99280698
99280699
99280700
99280701
99280702
99280703
99280704
99280705
99280706
99280707
99280708
99280709
99280710
99280711
99280712
99280713
99280714
99280715
99280716
99280717
99280718
99280719
99280720
99280721
99280722
99280723
99280724
99280725
99280726
99280727
99280728
99280729
99280730
99280731
99280732
99280733
99280734
99280735
99280736
99280737
99280738
99280739
99280740
99280741
99280742
99280743
99280744
99280745
99280746
99280747
99280748
99280749
99280750
99280751
99280752
99280753
99280754
99280755
99280756
99280757
99280758
99280759
99280760
99280761
99280762
99280763
99280764
99280765
99280766
99280767
99280768
99280769
99280770
99280771
99280772
99280773
99280774
99280775
99280776
99280777
99280778
99280779
99280780
99280781
99280782
99280783
99280784
99280785
99280786
99280787
99280788
99280789
99280790
99280791
99280792
99280793
99280794
99280795
99280796
