99189300
99189301
99189302
99189303
99189388
99189389
99189390
99189391
99189392
99189393
99189304
99189305
99189306
99189307
99189308
99189309
99189310
99189311
99189312
99189313
99189314
99189315
99189316
99189350
99189351
99189320
99189317
99189318
99189319
99189321
99189322
99189323
99189324
99189325
99189326
99189327
99189328
99189329
99189330
99189331
99189332
99189333
99189334
99189335
99189336
99189337
99189338
99189339
99189340
99189341
99189342
99189343
99189344
99189345
99189346
99189347
99189348
99189349
99189352
99189353
99189354
99189355
99189356
99189357
99189358
99189359
99189360
99189361
99189362
99189363
99189364
99189365
99189366
99189367
99189368
99189369
99189370
99189371
99189372
99189373
99189374
99189375
99189376
99189377
99189378
99189379
99189380
99189381
99189382
99189383
99189384
99189385
99189386
99189387
