99092333
99092334
99092335
99092336
99092337
99092338
99092339
99092340
99092341
99092342
99092343
99092344
99092345
99092346
99092347
99092348
99092349
99092350
99092351
99092352
99092353
99092354
99092355
99092356
99092357
99092358
99092359
99092360
99092361
99092362
99092363
99092364
99092365
99092366
99092367
99092368
99092369
99092370
99092371
99092372
99092373
99092374
99092375
99092376
99092377
99092378
99092379
99092380
99092381
99092382
99092383
99092384
99092385
99092386
99092387
99092388
99092389
99092390
99092391
99092392
99092393
99092394
99092395
99092396
99092397
99092398
99092399
99092400
99092401
99092402
99092403
99092404
99092405
99092406
99092407
99092408
99092409
99092410
99092411
99092412
99092413
99092414
99092415
99092416
99092417
99092418
99092419
99092420
