99412580
99412581
99412582
99412583
99412584
99412585
99412586
99412593
99412602
99412603
99412604
99412605
99412644
99412645
99412646
99412647
99412597
99412630
99412631
99412632
99412633
99412634
99412635
99412636
99412637
99412638
99412587
99412588
99412589
99412590
99412591
99412592
99412594
99412595
99412596
99412606
99412607
99412608
99412609
99412610
99412611
99412648
99412649
99412650
99412651
99412652
99412653
99412654
99412655
99412656
99412657
99412658
99412659
99412598
99412599
99412600
99412601
99412612
99412613
99412614
99412615
99412616
99412617
99412618
99412619
99412620
99412621
99412622
99412623
99412624
99412625
99412626
99412627
99412628
99412629
99412639
99412640
99412641
99412642
99412643
99412660
99412661
99412662
99412663
99412664
99412665
99412666
99412667
99412668
99412669
99412670
99412671
99412672
99412673
99412674
