99468534
99468532
99468533
99468535
99468536
99468537
99468538
99468539
99468540
99468541
99468542
99468543
99468544
99468545
99468546
99468547
99468548
99468549
99468550
99468551
99468552
99468553
99468554
99468555
99468556
99468557
99468558
99468559
99468560
99468561
99468562
99468563
99468564
99468565
99468566
99468567
99468568
99468569
99468570
99468571
99468572
99468573
99468574
99468575
99468576
99468577
99468578
99468579
99468580
99468581
99468582
99468583
99468584
99468585
99468586
99468587
99468588
99468589
99468590
