99651621
99651622
99651623
99651629
99651630
99651631
99651632
99651633
99651634
99651635
99651636
99651637
99651641
99651642
99651643
99651644
99651645
99651646
99651647
99651656
99651657
99651658
99651659
99651660
99651661
99651662
99651663
99651664
99651665
99651666
99651667
99651668
99651669
99651670
99651671
99651558
99651559
99651560
99651562
99651563
99651564
99651565
99651566
99651567
99651568
99651569
99651572
99651573
99651574
99651575
99651576
99651577
99651578
99651579
99651597
99651598
99651599
99651600
99651604
99651605
99651606
99651607
99651608
99651609
99651610
99651611
99651612
99651613
99651614
99651615
99651616
99651617
99651618
99651619
99651620
99651625
99651626
99651627
99651628
99651638
99651639
99651640
99651650
99651651
99651652
99651653
99651654
99651655
99651672
99651673
99651674
99651675
99651676
99651677
99651678
99651679
99651686
99651687
99651688
99651689
99651690
99651691
99651692
99651693
99651694
99651695
99651696
99651697
99651557
99651561
99651570
99651571
99651580
99651581
99651582
99651583
99651584
99651585
99651586
99651587
99651588
99651589
99651590
99651591
99651592
99651593
99651594
99651595
99651596
99651601
99651602
99651603
99651624
99651648
99651649
99651680
99651681
99651682
99651683
99651684
99651685
