99554968
99554966
99554967
99554969
99554970
99554971
99554972
99554973
99554974
99554975
99554976
99554977
99554978
99554979
99554980
99554981
99554982
99554983
99554984
99554985
99554986
99554987
99554988
99554989
99554990
99554992
99554993
99554994
99554995
99554996
99554997
99554998
99554999
99555000
99555001
99555002
99555003
99555004
99555018
99555019
99555020
99555021
99555022
99555023
99555024
99555025
99555026
99555027
99555028
99555029
99555030
99555031
99555032
99555033
99555034
99555035
99555036
99555037
99555038
99555039
99555040
99555041
99555042
99555043
99555044
99555045
99555046
99555047
99555048
99555049
99555050
99555051
99555052
99555053
99555054
99555055
99555056
99555057
99555058
99555059
99555060
99555061
99555062
99555063
99554991
99555005
99555006
99555007
99555008
99555009
99555010
99555011
99555012
99555013
99555014
99555015
99555016
99555017
