99842627
99842628
99842629
99842630
99842631
99842632
99842633
99842634
99842635
99842636
99842637
99842638
99842639
99842640
99842641
99842642
99842643
99842644
99842645
99842646
99842647
99842648
99842649
99842650
99842651
99842652
99842653
99842654
99842655
99842656
99842657
99842658
99842659
99842660
99842661
99842662
99842663
99842664
99842665
99842666
99842667
99842668
99842669
99842670
99842671
99842672
99842673
99842674
99842675
99842676
99842677
99842678
99842679
99842680
99842681
99842682
99842683
99842684
99842685
99842686
