99554737
99554738
99554739
99554740
99554741
99554742
99554743
99554744
99554745
99554746
99554747
99554748
99554749
99554750
99554751
99554752
99554753
99554754
99554755
99554756
99554757
99554758
99554759
99554760
99554761
99554762
99554763
99554764
99554765
99554766
99554767
99554768
99554769
99554770
99554771
99554772
99554773
99554774
99554775
99554776
99554777
99554778
99554779
99554780
99554781
99554782
99554783
99554784
99554785
99554786
99554787
99554788
99554789
99554790
99554791
99554792
99554793
99554794
99554795
99554796
99554797
99554798
99554799
99554800
99554801
99554802
99554803
99554804
99554805
99554806
99554807
99554808
99554809
99554810
99554811
99554812
99554813
99554814
99554815
99554816
99554817
99554818
99554819
99554820
99554821
99554822
99554823
99554824
99554825
99554826
