99470471
99470472
99470443
99470444
99470445
99470446
99470447
99470448
99470449
99470450
99470451
99470452
99470453
99470454
99470455
99470456
99470457
99470458
99470459
99470460
99470461
99470462
99470463
99470464
99470465
99470466
99470467
99470468
99470469
99470470
99470473
99470474
99470475
99470476
99470477
99470478
99470479
99470480
99470481
99470482
99470483
99470484
99470485
99470486
99470487
99470488
99470489
99470490
99470491
99470492
99470493
99470494
99470495
99470496
99470497
99470498
99470499
99470500
99470501
99470502
99470503
99470504
99470505
99470506
99470507
99470508
99470509
99470510
99470511
99470512
99470513
99470514
99470515
99470516
99470517
99470518
99470519
99470520
