100402485
100402486
100402487
100402488
100402489
100402490
100402491
100402492
100402493
100402494
100402495
100402496
100402497
100402498
100402499
100402500
100402501
100402502
100402503
100402504
100402505
100402506
100402507
100402508
100402509
100402510
100402511
100402512
100402513
100402514
100402515
100402516
100402517
100402518
100402519
100402520
100402521
100402522
100402523
100402524
100402525
100402526
100402527
100402528
100402529
100402530
100402531
100402532
100402533
100402534
100402535
100402536
100402537
100402538
100402539
100402540
100402541
100402542
100402543
100402544
100402545
100402546
100402547
100402548
100402549
100402550
100402551
100402552
100402553
100402554
100402555
100402556
100402557
100402558
100402559
100402560
100402561
100402562
100402563
100402564
100402565
100402566
100402567
100402568
100402569
100402570
100402571
100402572
100402573
100402574
100402575
100402576
100402577
100402578
100402579
