100103725
100103726
100103727
100103728
100103729
100103730
100103731
100103732
100103733
100103734
100103735
100103736
100103737
100103738
100103739
100103740
100103741
100103742
100103743
100103744
100103745
100103746
100103747
100103748
100103749
100103750
100103751
100103752
100103753
100103754
100103755
100103756
100103757
100103758
100103759
100103760
100103761
100103762
100103763
100103764
100103765
100103766
100103767
100103768
100103769
100103770
100103771
100103772
100103773
100103774
100103775
100103776
100103777
100103778
100103779
100103780
100103781
100103782
100103783
100103784
100103785
100103786
100103787
100103788
100103789
100103790
100103791
100103792
100103793
100103794
100103795
100103796
100103797
100103798
100103799
100103800
100103801
100103802
100103803
100103804
100103805
100103806
100103807
100103808
100103809
100103810
100103811
100103812
100103813
100103814
100103815
100103816
100103817
100103818
100103819
100103820
100103821
100103822
100103823
100103824
100103825
100103826
100103827
100103828
100103829
100103830
100103831
