100002734
100002735
100002736
100002737
100002738
100002739
100002740
100002741
100002742
100002743
100002744
100002745
100002746
100002747
100002748
100002749
100002750
100002751
100002752
100002753
100002754
100002755
100002756
100002757
100002758
100002759
100002760
100002761
100002762
100002763
100002764
100002765
100002766
100002767
100002768
100002769
100002770
100002771
100002772
100002773
100002774
100002775
100002776
100002777
100002778
100002779
100002780
100002781
100002782
100002783
100002784
100002785
100002786
100002787
100002788
100002789
100002790
100002791
100002792
100002793
100002794
100002795
100002796
100002797
100002798
100002799
100002800
100002801
100002802
100002803
100002804
100002805
100002806
100002807
100002808
100002809
100002810
100002811
100002812
100002813
100002814
100002815
100002816
100002817
100002818
100002819
100002820
100002821
100002822
100002823
100002824
100002825
100002826
100002827
100002828
100002829
100002830
100002831
100002832
100002833
100002834
100002835
100002836
100002837
100002838
100002839
