100365000
100365001
100365002
100364981
100364982
100364983
100364984
100364985
100364986
100364987
100364988
100364989
100364990
100364991
100364992
100364993
100364994
100364995
100364996
100364997
100364998
100364999
100365003
100365004
100365005
100365006
100365007
100365008
100365009
100365010
100365011
100365012
100365013
100365014
100365015
100365016
100365017
100365018
100365019
100365020
100365021
100365022
100365023
100365024
100365025
100365026
100365027
100365028
100365029
100365030
100365031
100365032
100365033
100365034
100365035
