100165756
100165757
100165758
100165759
100165760
100165761
100165762
100165763
100165764
100165765
100165766
100165767
100165768
100165769
100165770
100165771
100165772
100165773
100165774
100165775
100165776
100165777
100165778
100165779
100165780
100165781
100165782
100165783
100165784
100165785
100165786
100165787
100165788
100165789
100165790
100165791
100165792
100165793
100165794
100165795
100165796
100165797
100165798
100165799
100165800
100165801
100165802
100165803
100165804
100165805
100165806
100165807
100165808
100165809
100165810
100165811
100165812
100165813
100165814
100165815
100165816
100165817
100165818
100165819
100165820
100165821
100165822
100165823
100165824
100165825
100165826
100165827
100165828
100165829
100165830
100165831
100165832
100165833
100165834
100165835
100165836
100165837
100165838
100165839
100165840
100165841
100165842
100165843
100165844
100165845
100165846
100165847
100165848
100165849
