100268028
100268029
100268030
100268031
100268032
100268047
100268048
100268033
100268034
100268035
100268036
100268037
100268038
100268039
100268040
100268041
100268042
100268043
100268044
100268045
100268046
100268049
100268050
100268051
100268052
100268053
100268054
100268055
100268056
100268057
100268058
100268059
100268060
100268061
100268062
100268063
100268064
100268065
100268066
100268067
100268068
100268069
100268070
100268071
100268072
100268073
100268074
100268075
100268076
100268077
100268078
100268079
100268080
100268081
100268082
100268083
100268084
100268085
