100063713
100063714
100063715
100063716
100063717
100063718
100063719
100063720
100063721
100063722
100063723
100063724
100063725
100063726
100063727
100063728
100063729
100063730
100063731
100063732
100063733
100063734
100063735
100063736
100063737
100063738
100063739
100063740
100063741
100063742
100063743
100063744
100063745
100063746
100063747
100063748
100063749
100063750
100063751
100063752
100063753
100063754
100063755
100063756
100063757
100063758
100063759
100063760
100063761
100063762
100063763
100063764
100063765
100063766
100063767
100063768
100063769
100063770
100063771
100063772
100063773
100063774
100063775
100063776
100063777
100063778
100063779
100063780
100063781
100063782
100063783
100063784
100063785
100063786
100063787
100063788
100063789
100063790
100063791
100063792
100063793
100063794
100063795
100063796
100063797
100063798
100063799
100063800
100063801
100063802
100063803
100063804
100063805
100063806
100063807
100063808
