100644429
100644430
100644431
100644432
100644433
100644434
100644435
100644436
100644437
100644438
100644439
100644440
100644441
100644442
100644444
100644445
100644446
100644447
100644448
100644449
100644450
100644451
100644452
100644453
100644454
100644455
100644456
100644457
100644458
100644459
100644460
100644461
100644462
100644463
100644464
100644468
100644469
100644470
100644471
100644472
100644473
100644474
100644475
100644476
100644478
100644479
100644480
100644481
100644482
100644483
100644484
100644485
100644486
100644487
100644488
100644489
100644490
100644491
100644492
100644493
100644494
100644495
100644496
100644498
100644499
100644500
100644501
100644513
100644514
100644515
100644516
100644517
100644518
100644520
100644521
100644443
100644465
100644466
100644467
100644477
100644497
100644502
100644503
100644504
100644505
100644506
100644507
100644508
100644509
100644510
100644511
100644512
100644519
