100841084
100841085
100841086
100841087
100841088
100841089
100841090
100841091
100841092
100841093
100841094
100841095
100841096
100841097
100841098
100841099
100841100
100841101
100841102
100841103
100841104
100841105
100841106
100841107
100841108
100841109
100841110
100841111
100841112
100841113
100841114
100841115
100841116
100841117
100841118
100841119
100841120
100841121
100841122
100841123
100841124
100841125
100841126
100841127
100841128
100841129
100841130
100841131
100841132
100841133
100841134
100841135
100841136
100841137
100841138
100841139
100841140
100841141
100841142
100841143
