100840623
100840624
100840625
100840626
100840627
100840628
100840629
100840630
100840631
100840632
100840633
100840634
100840635
100840636
100840637
100840638
100840639
100840640
100840641
100840642
100840643
100840644
100840645
100840646
100840647
100840648
100840649
100840650
100840651
100840652
100840653
100840654
100840655
100840656
100840657
100840658
100840659
100840660
100840661
100840662
100840663
100840664
100840665
100840666
100840667
100840668
100840669
100840670
100840671
100840672
100840673
100840674
100840675
100840676
100840677
100840678
100840679
100840680
100840681
100840682
100840683
100840684
100840685
100840686
100840687
100840688
100840689
100840690
100840691
100840692
100840693
100840694
100840695
100840696
100840697
100840698
100840699
100840700
100840701
100840702
100840703
100840704
100840705
100840706
100840707
100840708
100840709
100840710
100840711
100840712
100840713
100840714
100840715
100840716
