100937110
100937111
100937112
100937113
100937114
100937115
100937116
100937117
100937118
100937119
100937120
100937121
100937122
100937123
100937124
100937125
100937126
100937127
100937128
100937129
100937130
100937131
100937132
100937133
100937134
100937135
100937136
100937137
100937138
100937139
100937140
100937141
100937142
100937143
100937144
100937145
100937146
100937147
100937148
100937149
100937150
100937151
100937152
100937153
100937154
100937155
100937156
100937157
100937158
100937159
100937160
100937161
