101153654
101153655
101153656
101153665
101153666
101153667
101153668
101153651
101153652
101153653
101153657
101153658
101153659
101153660
101153661
101153662
101153663
101153664
101153669
101153670
101153671
101153672
101153673
101153674
101153675
101153676
101153677
101153678
101153679
101153680
101153681
101153682
101153683
101153684
101153685
101153686
101153687
101153688
101153689
101153690
101153691
101153692
101153693
101153694
101153695
101153696
101153697
101153698
101153699
101153700
101153701
101153702
101153703
101153704
101153705
101153706
101153707
101153708
101153709
101153710
101153711
101153712
101153713
101153714
101153715
