101347766
101347767
101347768
101347769
101347770
101347771
101347772
101347773
101347774
101347775
101347776
101347777
101347778
101347779
101347780
101347781
101347782
101347783
101347784
101347785
101347786
101347787
101347788
101347789
101347790
101347791
101347792
101347793
101347794
101347795
101347796
101347797
101347798
101347799
101347800
101347801
101347802
101347803
101347804
101347805
101347806
101347807
101347808
101347809
101347810
101347811
101347812
101347813
101347814
101347815
101347816
101347817
101347818
101347819
101347820
101347821
101347822
101347823
101347824
101347825
101347826
101347827
101347828
101347829
101347830
101347831
101347832
101347833
101347834
101347835
101347836
101347837
101347838
101347839
101347840
101347841
101347842
101347843
101347844
101347845
101347846
101347847
101347848
101347849
101347850
101347851
101347852
101347853
101347854
101347855
101347856
101347857
