101473278
101473279
101473280
101473281
101473282
101473283
101473284
101473285
101473286
101473287
101473288
101473289
101473290
101473291
101473292
101473293
101473294
101473295
101473296
101473297
101473298
101473299
101473300
101473301
101473302
101473303
101473304
101473305
101473306
101473307
101473308
101473309
101473310
101473311
101473312
101473313
101473314
101473315
101473316
101473317
101473318
101473319
101473320
101473321
101473322
101473323
101473324
101473325
101473326
101473327
101473328
101473329
101473330
101473331
101473332
101473333
101473334
101473335
101473336
101473337
101473338
101473339
101473340
101473341
101473342
101473343
101473344
101473345
101473346
101473347
101473348
101473349
101473350
101473351
101473352
101473353
101473354
101473355
101473356
101473357
101473358
101473359
101473360
101473361
101473362
101473363
