101153182
101153183
101153184
101153185
101153186
101153187
101153188
101153189
101153190
101153191
101153192
101153193
101153194
101153195
101153196
101153197
101153198
101153199
101153200
101153201
101153202
101153203
101153204
101153205
101153206
101153207
101153208
101153209
101153210
101153211
101153212
101153213
101153214
101153215
101153216
101153217
101153218
101153219
101153220
101153221
101153222
101153223
101153224
101153225
101153226
101153227
101153228
101153229
101153230
101153231
101153232
101153233
101153234
101153235
101153236
101153237
101153238
101153239
101153240
101153241
101153242
101153243
101153244
101153245
101153246
101153247
101153248
101153249
101153250
101153251
101153252
101153253
101153254
101153255
101153256
101153257
101153258
101153259
101153260
