101055505
101055506
101055507
101055508
101055509
101055510
101055511
101055512
101055513
101055514
101055515
101055516
101055517
101055518
101055519
101055520
101055521
101055522
101055523
101055524
101055525
101055526
101055527
101055528
101055529
101055530
101055531
101055532
101055533
101055534
101055535
101055536
101055537
101055538
101055539
101055540
101055541
101055542
101055543
101055544
101055545
101055546
101055547
101055548
101055549
101055550
101055551
101055552
101055553
101055554
101055555
101055556
101055557
101055558
101055559
101055560
101055561
101055562
101055563
101055564
101055565
101055566
101055567
101055568
101055569
101055570
101055571
101055572
101055573
101055574
101055575
101055576
101055577
101055578
101055579
101055580
101055581
101055582
101055583
101055584
101055585
101055586
101055587
101055588
101055589
101055590
101055591
101055592
101055593
101055594
101055595
101055596
101055597
101055598
101055599
101055600
101055601
101055602
101055603
101055604
