101253101
101253102
101253103
101253104
101253105
101253106
101253107
101253108
101253109
101253110
101253111
101253112
101253113
101253114
101253115
101253116
101253117
101253118
101253119
101253120
101253121
101253122
101253123
101253124
101253125
101253126
101253127
101253128
101253129
101253130
101253131
101253132
101253133
101253134
101253135
101253136
101253137
101253138
101253139
101253140
101253141
101253142
101253143
101253144
101253145
101253146
101253147
101253148
101253149
101253150
101253151
101253152
101253153
101253154
101253155
101253156
101253157
101253158
101253159
101253160
101253161
101253162
101253163
101253164
101253165
101253166
101253167
101253168
101253169
101253170
101253171
101253172
101253173
101253174
101253175
101253176
101253177
101253178
101253179
101253180
101253181
101253182
101253183
101253184
101253185
101253186
101253187
101253188
101253189
101253190
101253191
101253192
101253193
101253194
101253195
101253196
101253197
101253198
101253199
101253200
101253201
