101812314
101812315
101812316
101812317
101812318
101812319
101812320
101812321
101812322
101812323
101812324
101812325
101812326
101812327
101812328
101812329
101812330
101812331
101812332
101812333
101812334
101812335
101812336
101812337
101812338
101812339
101812340
101812341
101812342
101812343
101812344
101812345
101812346
101812347
101812348
101812349
101812350
101812351
101812352
101812353
101812354
101812355
101812356
101812357
101812358
101812359
101812360
101812361
101812362
101812363
101812364
101812365
101812366
101812367
101812368
101812369
101812370
101812371
101812372
101812373
101812374
101812375
101812376
101812377
101812378
101812379
101812380
101812381
101812382
101812383
101812384
101812385
101812386
101812387
101812388
101812389
101812390
101812391
101812392
101812393
101812394
101812395
101812396
101812397
