101911869
101911870
101911871
101911872
101911873
101911874
101911875
101911876
101911877
101911878
101911879
101911880
101911881
101911882
101911883
101911884
101911885
101911886
101911887
101911888
101911889
101911890
101911891
101911892
101911893
101911894
101911895
101911896
101911897
101911898
101911899
101911900
101911901
101911902
101911903
101911904
101911905
101911906
101911907
101911908
101911909
101911910
101911911
101911912
101911913
101911914
101911915
101911916
101911917
101911918
101911919
101911920
101911921
101911922
101911923
101911924
101911925
101911926
101911927
101911928
101911929
101911930
101911931
101911932
101911933
101911934
101911935
101911936
101911937
101911938
101911939
101911940
101911941
101911942
101911943
101911944
101911945
101911946
101911947
101911948
101911949
101911950
