101714471
101714472
101714473
101714474
101714475
101714476
101714477
101714478
101714479
101714480
101714481
101714482
101714483
101714484
101714485
101714486
101714487
101714488
101714489
101714490
101714491
101714492
101714493
101714494
101714495
101714496
101714497
101714498
101714499
101714500
101714501
101714502
101714503
101714504
101714505
101714506
101714507
101714508
101714509
101714510
101714511
101714512
101714513
101714514
101714515
101714516
101714517
101714518
101714519
101714520
101714521
101714522
101714523
101714524
101714525
101714526
101714527
101714528
101714529
101714530
101714531
101714532
101714533
101714534
101714535
101714536
101714537
101714538
101714539
101714540
101714541
101714542
101714543
101714544
101714545
101714546
101714547
101714548
101714549
101714550
101714551
101714552
101714553
101714554
101714555
101714556
101714557
101714558
101714559
101714560
101714561
101714562
101714563
101714564
101714565
101714566
101714567
101714568
101714569
