101886966
101886967
101886968
101886969
101886970
101886971
101886972
101886973
101886974
101886975
101886976
101886977
101886978
101886979
101886980
101886981
101886982
101886983
101886984
101886985
101886986
101886987
101886988
101886989
101886990
101886991
101886992
101886993
101886994
101886995
101886996
101886997
101886998
101886999
101887000
101887001
101887002
101887003
101887004
101887005
101887006
101887007
101887008
101887009
101887010
101887011
101887012
101887013
101887014
101887015
101887016
101887017
101887018
101887019
101887020
101887021
101887022
101887023
101887024
101887025
101887026
101887027
101887028
101887029
101887030
101887031
101887032
101887033
101887034
101887035
101887036
101887037
101887038
101887039
101887040
101887041
101887042
101887043
101887044
101887045
101887046
101887047
101887048
101887049
101887050
101887051
101887052
101887053
101887054
101887055
