101812226
101812227
101812228
101812229
101812230
101812231
101812232
101812233
101812234
101812235
101812236
101812237
101812238
101812239
101812240
101812241
101812242
101812243
101812244
101812245
101812246
101812247
101812248
101812249
101812250
101812251
101812252
101812253
101812254
101812255
101812256
101812257
101812258
101812259
101812260
101812261
101812262
101812263
101812264
101812265
101812266
101812267
101812268
101812269
101812270
101812271
101812272
101812273
101812274
101812275
101812276
101812277
101812278
101812279
101812280
101812281
101812282
