101517245
101517254
101517255
101517256
101517246
101517247
101517248
101517249
101517250
101517251
101517252
101517253
101517257
101517258
101517259
101517260
101517261
101517262
101517263
101517264
101517265
101517266
101517267
101517268
101517269
101517270
101517271
101517272
101517273
101517274
101517275
101517276
101517277
101517278
101517279
101517280
101517281
101517282
101517283
101517284
101517285
101517286
101517287
101517288
101517289
101517290
101517291
101517292
101517293
101517294
101517295
101517296
101517297
101517298
101517299
101517300
101517301
101517302
101517303
101517304
101517305
101517306
101517307
101517308
