101586188
101586189
101586190
101586191
101586192
101586193
101586194
101586195
101586196
101586197
101586185
101586186
101586187
101586198
101586199
101586200
101586201
101586202
101586203
101586204
101586205
101586206
101586207
101586208
101586209
101586210
101586211
101586212
101586213
101586214
101586215
101586216
101586217
101586218
101586219
101586220
101586221
101586222
101586223
101586224
101586225
101586226
101586227
101586228
101586229
101586230
101586231
101586232
101586233
101586234
101586235
101586236
101586237
101586238
101586239
101586240
101586241
101586242
101586243
101586244
101586245
101586246
101586247
101586248
101586249
101586250
101586251
101586252
101586253
101586254
101586255
101586256
101586257
101586258
101586259
101586260
101586261
101586262
101586263
101586264
101586265
101586266
101586267
101586268
101586269
101586270
101586271
101586272
101586273
101586274
101586275
101586276
101586277
101586278
