101885410
101885411
101885412
101885413
101885414
101885415
101885416
101885417
101885418
101885419
101885420
101885421
101885422
101885423
101885424
101885425
101885426
101885427
101885428
101885429
101885430
101885431
101885432
101885433
101885434
101885435
101885436
101885437
101885438
101885439
101885440
101885441
101885442
101885443
101885444
101885445
101885446
101885447
101885448
101885449
101885450
101885451
101885452
101885453
101885454
101885455
101885456
101885457
101885458
101885459
101885460
101885461
101885462
101885463
101885464
101885465
101885466
101885467
101885468
101885469
101885470
101885471
101885472
101885473
101885474
101885475
101885476
101885477
101885478
101885479
101885480
101885481
101885482
101885483
101885484
101885485
101885486
101885487
101885488
101885489
101885490
101885491
101885492
101885493
101885494
101885495
101885496
101885497
101885498
101885499
