101586110
101586111
101586112
101586113
101586114
101586115
101586116
101586117
101586118
101586119
101586120
101586121
101586122
101586123
101586124
101586125
101586126
101586127
101586128
101586129
101586130
101586131
101586132
101586133
101586134
101586135
101586136
101586137
101586138
101586139
101586140
101586141
101586142
101586143
101586144
101586145
101586146
101586147
101586148
101586149
101586150
101586151
101586152
101586153
101586154
101586155
101586156
101586157
101586158
101586159
101586160
101586161
101586162
101586163
101586164
101586165
