101992814
101992824
101992825
101992826
101992827
101992828
101992815
101992816
101992817
101992818
101992819
101992820
101992821
101992822
101992823
101992829
101992830
101992831
101992832
101992833
101992834
101992835
101992836
101992837
101992838
101992839
101992840
101992841
101992842
101992843
101992844
101992845
101992846
101992847
101992848
101992849
101992850
101992851
101992852
101992853
101992854
101992855
101992856
101992857
101992858
101992859
101992860
101992861
101992862
101992863
101992864
101992865
101992866
101992867
101992868
101992869
101992870
101992871
101992872
101992873
101992874
101992875
101992876
101992877
101992878
101992879
101992880
101992881
101992882
101992883
101992884
101992885
101992886
101992887
101992888
101992889
101992890
101992891
101992892
101992893
101992894
101992895
101992896
101992897
101992898
101992899
101992900
101992901
101992902
101992903
101992904
101992905
101992906
101992907
