102131643
102131644
102131645
102131646
102131647
102131648
102131649
102131650
102131651
102131652
102131653
102131654
102131655
102131656
102131657
102131658
102131659
102131660
102131661
102131662
102131663
102131664
102131665
102131666
102131667
102131668
102131669
102131670
102131671
102131672
102131673
102131674
102131675
102131676
102131677
102131678
102131679
102131680
102131681
102131682
102131683
102131684
102131685
102131686
102131687
102131688
102131689
102131690
102131691
102131692
102131693
102131694
102131695
102131696
102131697
102131698
102131699
