102425430
102425431
102425432
102425433
102425434
102425435
102425436
102425437
102425438
102425439
102425440
102425441
102425442
102425443
102425444
102425445
102425446
102425447
102425448
102425449
102425450
102425451
102425452
102425453
102425454
102425455
102425456
102425457
102425458
102425459
102425460
102425461
102425462
102425463
102425464
102425465
102425466
102425467
102425468
102425469
102425470
102425471
102425472
102425473
102425474
102425475
102425476
102425477
102425478
102425479
102425480
102425481
102425482
102425483
