102322430
102322431
102322432
102322433
102322434
102322435
102322436
102322437
102322438
102322439
102322440
102322441
102322442
102322443
102322444
102322445
102322446
102322447
102322448
102322449
102322450
102322451
102322452
102322453
102322454
102322455
102322456
102322457
102322458
102322459
102322460
102322461
102322462
102322463
102322464
102322465
102322466
102322467
102322468
102322469
102322470
102322471
102322472
102322473
102322474
102322475
102322476
102322477
102322478
102322479
102322480
102322481
102322482
102322483
102322484
102322485
102322486
102322487
102322488
102322489
102322490
102322491
102322492
102322493
102322494
102322495
102322496
102322497
102322498
102322499
102322500
102322501
102322502
102322503
102322504
102322505
102322506
102322507
102322508
102322509
102322510
102322511
102322512
102322513
102322514
102322515
102322516
102322517
102322518
