102272708
102272709
102272710
102272711
102272712
102272713
102272714
102272715
102272716
102272717
102272718
102272719
102272720
102272721
102272722
102272723
102272724
102272725
102272726
102272727
102272728
102272729
102272730
102272731
102272732
102272733
102272734
102272735
102272736
102272737
102272738
102272739
102272740
102272741
102272742
102272743
102272744
102272745
102272746
102272747
102272748
102272749
102272750
102272751
102272752
102272753
102272754
102272755
102272756
102272757
102272758
102272759
102272760
102272761
102272762
102272763
102272764
102272765
102272766
102272767
102272768
102272769
102272770
102272771
102272772
102272773
102272774
102272775
102272776
102272777
102272778
102272779
102272780
102272781
102272782
102272783
102272784
102272785
102272786
102272787
102272788
102272789
102272790
102272791
102272792
102272793
102272794
102272795
102272796
102272797
102272798
102272799
102272800
102272801
102272802
102272803
102272804
102272805
102272806
102272807
102272808
102272809
102272810
102272811
102272812
102272813
