102085237
102085238
102085239
102085240
102085241
102085242
102085243
102085244
102085245
102085246
102085247
102085248
102085249
102085250
102085251
102085252
102085253
102085254
102085255
102085256
102085257
102085258
102085259
102085260
102085261
102085262
102085263
102085264
102085265
102085266
102085267
102085268
102085269
102085270
102085271
102085272
102085273
102085274
102085275
102085276
102085277
102085278
102085279
102085280
102085281
102085282
102085283
102085284
102085285
102085286
102085287
102085288
102085289
102085290
102085291
102085292
102085293
102085294
102085236
102085229
102085230
102085231
102085232
102085233
102085234
102085235
102085226
102085227
102085228
