102371115
102371116
102371117
102371118
102371119
102371120
102371121
102371122
102371123
102371124
102371125
102371126
102371127
102371128
102371129
102371130
102371131
102371132
102371133
102371134
102371135
102371136
102371137
102371138
102371139
102371140
102371141
102371142
102371143
102371144
102371145
102371146
102371147
102371148
102371149
102371150
102371151
102371152
102371153
102371154
102371155
102371156
102371157
102371158
102371159
102371160
102371161
102371162
102371163
102371164
102371165
102371166
102371167
102371168
102371169
102371170
102371171
102371172
102371173
102371174
102371175
102371176
102371177
102371178
102371179
102371180
102371181
102371182
102371183
102371184
102371185
102371186
102371187
102371188
102371189
102371190
102371191
102371192
102371193
102371194
102371195
102371196
102371197
102371198
102371199
102371200
102371201
102371202
102371203
102371204
