102648184
102648185
102648186
102648187
102648188
102648189
102648190
102648191
102648192
102648193
102648194
102648195
102648196
102648197
102648198
102648199
102648200
102648201
102648202
102648203
102648204
102648205
102648206
102648207
102648208
102648209
102648210
102648211
102648212
102648213
102648214
102648215
102648216
102648217
102648218
102648219
102648220
102648221
102648222
102648223
102648224
102648225
102648226
102648227
102648228
102648229
102648230
102648231
102648232
102648233
102648234
102648235
102648236
102648237
102648238
102648239
102648240
102648241
102648242
102648243
102648244
102648245
102648246
102648247
102648248
102648249
102648250
102648251
102648252
102648253
102648254
102648255
102648256
102648257
102648258
102648259
102648260
102648261
102648262
102648263
102648264
102648265
102648266
102648267
102648268
102648269
102648270
102648271
102648272
102648273
102648274
102648275
102648276
102648277
102648278
102648279
102648280
102648281
102648282
102648283
