102843438
102843439
102843440
102843441
102843442
102843443
102843444
102843445
102843446
102843447
102843448
102843449
102843450
102843451
102843452
102843453
102843454
102843455
102843456
102843457
102843458
102843459
102843460
102843461
102843462
102843463
102843464
102843465
102843466
102843467
102843468
102843469
102843470
102843471
102843472
102843473
102843474
102843475
102843476
102843477
102843478
102843479
102843480
102843481
102843482
102843484
102843485
102843486
102843487
102843488
102843489
102843490
102843491
102843492
102843493
102843494
102843495
102843496
102843497
102843498
102843499
102843500
102843501
102843502
102843503
102843504
102843505
102843506
102843507
102843508
102843509
102843510
102843511
102843512
102843513
102843514
102843515
102843516
102843517
102843518
102843519
102843520
102843521
102843522
102843523
102843524
102843525
102843526
102843527
102843528
102843529
102843530
102843531
102843532
102843533
102843534
102843535
102843536
102843537
102843538
102843539
102843540
102843541
102843542
102843543
102843544
102843483
