102652061
102652062
102652063
102652064
102652065
102652066
102652067
102652068
102652069
102652070
102652071
102652072
102652073
102652074
102652075
102652076
102652077
102652078
102652079
102652080
102652081
102652082
102652083
102652084
102652085
102652086
102652087
102652088
102652089
102652090
102652091
102652092
102652093
102652094
102652095
102652096
102652097
102652098
102652099
102652100
102652101
102652102
102652103
102652104
102652105
102652106
102652107
102652108
102652109
102652110
102652111
102652112
102652113
102652114
102652115
102652116
102652117
102652118
102652119
102652120
102652121
102652122
102652123
102652124
102652125
102652126
102652127
102652128
102652129
102652130
102652131
102652132
102652133
102652134
102652135
102652136
102652137
102652138
102652139
102652140
102652141
102652142
102652143
102652144
102652145
102652146
102652147
102652148
102652149
102652150
102652151
102652152
102652153
102652154
102652155
102652156
102652157
102652158
102652159
102652160
