102845977
102845978
102845979
102845980
102845981
102845982
102845983
102845984
102845985
102845986
102845987
102845988
102845989
102845990
102845991
102845992
102845993
102845994
102845995
102845996
102845997
102845998
102845999
102846000
102846001
102846002
102846003
102846004
102846005
102846006
102846007
102846008
102846009
102846010
102846011
102846012
102846013
102846014
102846015
102846016
102846017
102846018
102846019
102846020
102846021
102846022
102846023
102846024
102846025
102846026
102846027
102846028
102846029
102846030
102846031
102846032
102846033
102846034
102846035
102846036
102846037
102846038
102846039
102846040
102846041
102846042
102846043
102846044
102846045
102846046
102846047
102846048
102846049
102846050
102846051
102846052
102846053
102846054
102846055
102846056
102846057
102846058
102846059
102846060
102846061
102846062
102846063
102846064
102846065
102846066
102846067
102846068
102846069
102846070
102846071
102846072
102846073
102846074
102846075
102846076
