102558324
102558325
102558326
102558327
102558328
102558329
102558330
102558331
102558332
102558333
102558334
102558335
102558336
102558337
102558338
102558339
102558340
102558341
102558342
102558343
102558344
102558345
102558346
102558347
102558348
102558349
102558350
102558351
102558352
102558353
102558354
102558355
102558356
102558357
102558358
102558359
102558360
102558361
102558362
102558363
102558364
102558365
102558366
102558367
102558368
102558369
102558370
102558371
102558372
102558373
