102647602
102647603
102647514
102647515
102647516
102647517
102647518
102647519
102647520
102647521
102647522
102647523
102647524
102647525
102647526
102647527
102647528
102647529
102647530
102647531
102647532
102647533
102647534
102647535
102647536
102647537
102647538
102647539
102647540
102647541
102647542
102647543
102647544
102647545
102647546
102647547
102647548
102647549
102647550
102647551
102647552
102647553
102647554
102647555
102647556
102647557
102647558
102647559
102647560
102647561
102647562
102647563
102647564
102647565
102647566
102647567
102647568
102647569
102647570
102647571
102647572
102647573
102647574
102647575
102647576
102647577
102647578
102647579
102647580
102647581
102647582
102647583
102647584
102647585
102647586
102647587
102647588
102647589
102647590
102647591
102647592
102647593
102647594
102647595
102647596
102647597
102647598
102647599
102647600
102647601
102647604
102647605
102647606
