103339540
103339541
103339542
103339543
103339544
103339545
103339546
103339547
103339548
103339549
103339550
103339551
103339552
103339553
103339554
103339555
103339556
103339557
103339558
103339559
103339560
103339561
103339562
103339563
103339564
103339565
103339566
103339567
103339568
103339569
103339570
103339571
103339572
103339573
103339574
103339575
103339576
103339577
103339578
103339579
103339580
103339581
103339582
103339583
103339584
103339585
103339586
103339587
103339588
103339589
103339590
103339591
103339592
103339593
103339594
103339595
103339596
103339597
103339598
103339599
103339600
103339601
103339602
103339603
103339604
103339605
103339606
103339607
103339608
103339609
103339610
103339611
103339612
103339613
103339614
103339615
103339616
103339617
103339618
103339619
103339620
103339621
103339622
103339623
103339624
103339625
103339626
103339627
103339628
103339629
103339630
103339631
103339632
103339633
103339634
103339635
103339636
103339637
103339638
103339639
103339640
103339641
103339642
103339643
103339644
103339645
103339646
103339647
103339648
103339649
103339650
103339651
103339652
103339653
103339654
103339655
103339656
103339657
103339658
103339659
103339660
