103141780
103141781
103141782
103141783
103141784
103141785
103141786
103141787
103141788
103141789
103141790
103141791
103141792
103141793
103141794
103141795
103141796
103141797
103141798
103141799
103141800
103141801
103141802
103141803
103141804
103141805
103141806
103141807
103141808
103141809
103141810
103141811
103141812
103141813
103141814
103141815
103141816
103141817
103141818
103141819
103141820
103141821
103141822
103141823
103141824
103141825
103141826
103141827
103141828
103141829
103141830
103141831
103141832
103141833
103141834
103141835
103141836
103141837
103141838
103141839
103141840
103141841
103141842
103141843
103141844
103141845
103141846
103141847
103141848
103141849
103141850
103141851
103141852
103141853
103141854
103141855
103141856
103141857
103141858
103141859
103141860
103141861
103141862
103141863
103141864
103141865
103141866
103141867
103141868
103141869
103141870
103141871
103141872
103141873
103141874
103141875
103141876
103141877
103141878
103141879
103141880
103141881
103141882
103141883
103141884
103141885
103141886
103141887
103141888
103141889
103141890
