103241178
103241179
103241180
103241181
103241182
103241183
103241184
103241185
103241186
103241187
103241188
103241189
103241190
103241191
103241192
103241193
103241194
103241195
103241196
103241197
103241198
103241199
103241200
103241201
103241202
103241203
103241204
103241205
103241206
103241207
103241208
103241209
103241210
103241211
103241212
103241213
103241214
103241215
103241216
103241217
103241218
103241219
103241220
103241221
103241222
103241223
103241224
103241225
103241226
103241227
