103048220
103048221
103048222
103048223
103048224
103048225
103048226
103048227
103048228
103048229
103048230
103048231
103048232
103048233
103048234
103048235
103048236
103048237
103048238
103048239
103048240
103048241
103048242
103048243
103048244
103048245
103048246
103048247
103048248
103048249
103048250
103048251
103048252
103048253
103048254
103048255
103048256
103048257
103048258
103048259
103048260
103048261
103048262
103048263
103048264
103048265
103048266
103048267
103048268
103048269
103048270
103048271
103048272
103048273
103048274
103048275
103048276
103048277
103048278
103048279
103048280
103048281
103048282
103048283
103048284
103048285
103048286
103048287
103048288
103048289
103048290
103048291
103048292
103048293
103048294
103048295
103048296
103048297
103048298
103048299
103048300
103048301
103048302
103048303
103048304
103048305
103048306
103048307
103048308
103048309
103048310
103048311
103048312
103048313
103048314
103048315
103048316
103048317
103048318
103048319
103048320
103048321
103048322
103048323
103048324
103048325
103048326
103048327
103048328
103048329
103048330
