103240088
103240089
103240090
103240091
103240092
103240093
103240094
103240095
103240096
103240097
103240098
103240099
103240100
103240101
103240102
103240103
103240104
103240105
103240106
103240107
103240108
103240109
103240110
103240111
103240112
103240113
103240114
103240115
103240116
103240117
103240118
103240119
103240120
103240121
103240122
103240123
103240124
103240125
103240126
103240127
103240128
103240129
103240130
103240131
103240132
103240133
103240134
103240135
103240136
103240137
103240138
103240139
103240140
103240141
103240142
103240143
103240144
103240145
103240146
103240147
103240148
103240149
103240150
103240151
103240152
103240153
103240154
103240155
103240156
103240157
103240158
103240159
103240160
103240161
103240162
103240163
103240164
103240165
103240166
103240167
103240168
103240169
103240170
103240171
103240172
103240173
103240174
103240175
103240176
103240177
103240178
103240179
103240180
103240181
103240182
103240183
