105578018
105578019
105578020
105578021
105578022
105578023
105578024
105578025
105578026
105578027
105578028
105578029
105578030
105578031
105578032
105578033
105578034
105578035
105578036
105578037
105578038
105578039
105578040
105578041
105578042
105578043
105578044
105578045
105578046
105578047
105578048
105578049
105578050
105578051
105578052
105578053
105578054
105578055
105578056
105578057
105578058
105578059
105578060
105578061
105578062
105578063
105578064
105578065
105578066
105578067
105578068
105578069
105578070
105578071
105578072
105578073
105578074
105578075
105578076
105578077
105578078
105578079
105578080
105578081
105578082
105578083
105578084
105578085
105578086
105578087
105578088
105578089
105578090
105578091
105578092
105578093
105578094
105578095
