105578710
105578711
105578712
105578713
105578709
105578714
105578715
105578716
105578717
105578720
105578721
105578722
105578723
105578724
105578725
105578726
105578727
105578728
105578729
105578730
105578731
105578732
105578733
105578734
105578735
105578736
105578737
105578738
105578739
105578740
105578741
105578742
105578743
105578744
105578745
105578746
105578747
105578748
105578749
105578750
105578751
105578752
105578753
105578754
105578755
105578756
105578757
105578758
105578759
105578760
105578761
105578762
105578763
105578764
105578765
105578766
105578767
105578768
105578769
105578770
105578771
105578772
105578773
105578774
105578775
105578776
105578777
105578718
105578719
