105578167
105578201
105578202
105578203
105578211
105578212
105578213
105578214
105578215
105578168
105578169
105578170
105578171
105578172
105578173
105578174
105578175
105578176
105578177
105578178
105578179
105578180
105578181
105578182
105578183
105578184
105578185
105578186
105578187
105578188
105578189
105578190
105578191
105578192
105578193
105578194
105578195
105578196
105578197
105578198
105578199
105578200
105578204
105578205
105578206
105578207
105578208
105578209
105578210
105578216
105578217
105578218
105578219
105578220
105578221
105578222
105578223
105578224
105578225
105578226
105578227
105578228
105578229
105578230
105578231
105578232
105578233
105578234
105578235
105578236
105578237
105578238
105578239
105578240
105578241
105578242
105578243
105578244
105578245
105578246
105578247
