105961154
105961155
105961156
105961157
105961158
105961159
105961160
105961161
105961162
105961180
105961181
105961182
105961183
105961184
105961185
105961212
105961163
105961164
105961165
105961166
105961167
105961168
105961169
105961170
105961171
105961172
105961173
105961174
105961175
105961176
105961232
105961233
105961234
105961235
105961236
105961177
105961178
105961179
105961186
105961187
105961188
105961189
105961190
105961191
105961192
105961193
105961194
105961195
105961196
105961197
105961198
105961199
105961200
105961201
105961202
105961203
105961204
105961205
105961206
105961207
105961208
105961209
105961210
105961211
105961213
105961214
105961215
105961216
105961217
105961218
105961219
105961220
105961221
105961222
105961223
105961224
105961225
105961226
105961227
105961228
105961229
105961230
105961231
105961237
105961238
105961239
105961240
105961241
105961242
105961243
105961244
105961245
