105579804
105579805
105579806
105579807
105579808
105579809
105579810
105579811
105579812
105579813
105579814
105579815
105579816
105579817
105579818
105579819
105579820
105579821
105579822
105579823
105579824
105579825
105579826
105579827
105579828
105579829
105579830
105579831
105579832
105579833
105579834
105579835
105579836
105579837
105579838
105579839
105579840
105579841
105579842
105579843
105579844
105579845
105579846
105579847
105579848
105579849
105579850
105579851
105579852
105579853
105579854
105579855
105579856
105579857
105579858
105579859
105579860
105579861
105579862
105579863
105579864
105579865
105579866
105579867
105579868
105579869
105579870
105579871
105579872
105579873
105579874
105579875
105579876
105579877
105579878
105579879
105579880
105579881
105579882
105579883
105579884
105579885
105579886
105579887
105579888
105579889
105579890
105579891
105579892
105579893
105579894
105579895
105579896
105579897
105579898
105579899
105579900
105579901
105579902
105579903
105579904
105579905
105579906
105579907
105579908
105579909
105579910
105579911
105579912
105579913
105579914
