105673235
105673236
105673237
105673238
105673239
105673240
105673241
105673242
105673243
105673244
105673245
105673246
105673247
105673248
105673249
105673250
105673251
105673252
105673253
105673254
105673255
105673256
105673257
105673258
105673259
105673260
105673261
105673262
105673263
105673264
105673265
105673266
105673267
105673268
105673269
105673270
105673271
105673272
105673273
105673274
105673275
105673276
105673277
105673278
105673279
105673280
105673281
105673282
105673283
105673284
105673285
105673286
105673287
105673288
105673289
105673290
105673291
105673292
105673293
105673294
105673295
105673296
105673297
105673298
105673299
105673300
105673301
105673302
105673303
105673304
105673305
105673306
105673307
105673308
105673309
105673310
105673311
105673312
105673313
105673314
105673315
105673316
105673317
105673318
105673319
105673320
105673321
105673322
105673323
105673324
105673325
105673326
105673327
105673328
105673329
105673330
105673331
105673332
105673333
105673334
