106544031
106544032
106544033
106544034
106543968
106543969
106543970
106544018
106544019
106544020
106544021
106543964
106543965
106543966
106543967
106543971
106543972
106543973
106543974
106543975
106543976
106543977
106543978
106543979
106543980
106543981
106543982
106543983
106543984
106543985
106543986
106543987
106543988
106543989
106543990
106543991
106543992
106543993
106543994
106543995
106543996
106543997
106543998
106543999
106544000
106544001
106544002
106544003
106544004
106544005
106544006
106544007
106544008
106544009
106544010
106544011
106544012
106544013
106544014
106544015
106544016
106544017
106544022
106544023
106544024
106544025
106544026
106544027
106544028
106544029
106544030
106544035
106544036
106544037
106544038
106544039
106544040
106544041
106544042
106544043
106544044
106544045
106544046
106544047
106544048
106544049
106544050
106544051
106544052
106544053
106544054
106544055
106544056
106544057
106544058
106544059
106544060
106544061
106544062
106544063
106544064
106544065
106544066
106544067
106544068
106544069
106544070
106544071
106544072
106544073
106544074
106544075
106544076
106544077
106544078
106544079
106544080
