106728149
106728150
106728151
106728152
106728153
106728154
106728155
106728156
106728157
106728158
106728159
106728160
106728161
106728162
106728163
106728164
106728165
106728166
106728167
106728168
106728169
106728170
106728171
106728172
106728173
106728174
106728175
106728176
106728177
106728178
106728179
106728180
106728181
106728182
106728183
106728184
106728185
106728186
106728187
106728188
106728189
106728190
106728191
106728192
106728193
106728194
106728195
106728196
106728197
106728198
106728199
106728200
106728201
106728202
106728203
106728204
106728205
106728206
106728207
106728208
106728209
106728210
106728211
106728212
106728213
106728214
106728215
106728216
106728217
106728218
106728219
106728220
106728221
106728222
106728223
106728224
106728225
106728226
106728227
106728228
106728229
106728230
106728231
106728232
106728233
106728234
106728235
106728236
106728237
106728238
106728239
106728240
106728241
106728242
106728243
106728244
106728245
106728246
106728247
106728248
106728249
106728250
106728251
106728252
