106826107
106826108
106826109
106826110
106826111
106826112
106826113
106826114
106826115
106826116
106826117
106826118
106826119
106826120
106826121
106826122
106826123
106826124
106826125
106826126
106826127
106826128
106826129
106826130
106826131
106826132
106826133
106826134
106826135
106826136
106826137
106826138
106826139
106826140
106826141
106826142
106826143
106826144
106826145
106826146
106826147
106826148
106826149
106826150
106826151
106826152
106826153
106826154
106826155
106826156
106826157
106826158
106826159
106826160
106826161
106826162
106826163
106826164
106826165
106826166
106826167
106826168
106826169
106826170
106826171
106826172
106826173
106826174
106826175
106826176
106826177
106826178
106826179
106826180
106826181
106826182
106826183
106826184
106826185
106826186
106826187
106826188
106826189
106826190
106826191
106826192
106826193
106826194
106826195
106826196
106826197
106826198
106826199
106826200
106826201
106826202
106826203
106826204
106826205
106826206
106826207
106826208
106826209
106826210
106826211
106826212
106826213
106826214
106826215
