106542965
106542966
106542967
106542968
106542969
106542970
106542971
106542972
106542973
106542974
106542975
106542976
106542977
106542978
106542979
106542980
106542981
106542982
106542983
106542984
106542985
106542986
106542987
106542988
106542989
106542990
106542991
106542992
106542993
106542994
106542995
106542996
106542997
106542998
106542999
106543000
106543001
106543002
106543003
106543004
106543005
106543006
106543007
106543008
106543009
106543010
106543011
106543012
106543013
106543014
106543015
