106922856
106922857
106922858
106922859
106922860
106922861
106922862
106922863
106922864
106922865
106922866
106922867
106922868
106922869
106922870
106922871
106922872
106922873
106922874
106922875
106922876
106922877
106922878
106922879
106922880
106922881
106922882
106922883
106922884
106922885
106922886
106922887
106922888
106922889
106922890
106922891
106922892
106922893
106922894
106922895
106922896
106922897
106922898
106922899
106922900
106922901
106922902
106922903
106922904
106922905
106922906
106922907
106922908
106922909
106922910
106922911
106922912
106922913
106922914
106922915
106922916
106922917
106922918
106922919
106922920
106922921
106922922
106922923
106922924
106922925
106922926
106922927
106922928
106922929
106922930
106922931
106922932
106922933
106922934
106922935
106922936
106922937
106922938
106922939
106922940
106922941
106922942
106922943
106922944
106922945
106922946
106922947
106922948
106922949
106922950
106922951
106922952
106922953
106922954
106922955
106922956
106922957
106922958
106922959
106922960
106922961
106922962
106922963
106922964
106922965
106922966
106922967
106922968
106922969
106922970
106922971
106922972
106922973
106922974
106922975
106922976
