106924414
106924415
106924416
106924417
106924418
106924419
106924420
106924421
106924422
106924423
106924424
106924425
106924426
106924427
106924428
106924429
106924430
106924431
106924432
106924433
106924434
106924435
106924436
106924437
106924438
106924439
106924440
106924441
106924442
106924443
106924444
106924445
106924446
106924447
106924448
106924449
106924450
106924451
106924452
106924453
106924454
106924455
106924456
106924457
106924458
106924459
106924460
106924461
106924462
106924463
106924464
106924465
106924466
106924467
