107533706
107533707
107533708
107533709
107533710
107533711
107533712
107533713
107533714
107533715
107533716
107533717
107533718
107533719
107533720
107533721
107533722
107533723
107533724
107533725
107533726
107533727
107533730
107533731
107533732
107533733
107533734
107533735
107533736
107533737
107533738
107533739
107533740
107533741
107533742
107533743
107533744
107533745
107533746
107533747
107533748
107533749
107533750
107533751
107533752
107533753
107533754
107533755
107533756
107533757
107533758
107533759
107533760
107533761
107533762
107533763
107533764
107533765
107533728
107533729
