107534354
107534355
107534356
107534357
107534358
107534359
107534360
107534361
107534362
107534363
107534364
107534365
107534366
107534367
107534368
107534369
107534370
107534371
107534372
107534373
107534374
107534375
107534376
107534377
107534378
107534379
107534380
107534381
107534382
107534383
107534384
107534385
107534386
107534387
107534388
107534389
107534390
107534391
107534392
107534393
107534394
107534395
107534396
107534397
107534398
107534399
107534400
107534401
107534402
107534403
107534404
107534405
107534406
107534407
107534408
107534409
107534410
107534411
107534412
107534413
107534414
107534415
107534416
107534417
107534418
107534419
107534420
107534421
107534422
107534423
107534424
107534425
107534426
107534427
107534428
107534429
107534430
107534431
107534432
107534433
107534434
107534435
107534436
107534437
107534438
107534439
107534440
107534441
107534442
107534443
107534444
107534445
107534446
107534447
107534448
107534449
107534450
107534451
107534452
107534453
107534454
107534455
107534456
107534457
107534458
107534459
107534460
107534461
107534462
107534463
107534464
107534465
