107626327
107626338
107626339
107626340
107626341
107626342
107626343
107626369
107626370
107626371
107626372
107626373
107626374
107626375
107626376
107626377
107626378
107626379
107626380
107626328
107626329
107626330
107626331
107626332
107626333
107626334
107626335
107626336
107626337
107626344
107626345
107626346
107626347
107626348
107626349
107626350
107626351
107626352
107626353
107626354
107626355
107626356
107626357
107626358
107626359
107626360
107626361
107626362
107626363
107626364
107626365
107626366
107626367
107626368
107626381
107626382
107626383
107626384
107626385
107626386
107626387
107626388
107626389
107626390
107626391
107626392
107626393
107626394
107626395
107626396
107626397
107626398
107626399
107626400
107626401
107626402
107626403
107626404
107626405
107626406
107626407
107626408
107626409
107626410
107626411
107626412
107626413
107626414
107626415
107626416
107626417
107626418
107626419
107626420
107626421
107626422
107626423
107626424
107626425
107626426
107626427
107626428
107626429
