107535641
107535642
107535643
107535644
107535645
107535646
107535647
107535648
107535649
107535650
107535651
107535652
107535653
107535654
107535655
107535656
107535657
107535658
107535659
107535660
107535661
107535662
107535663
107535664
107535665
107535666
107535667
107535668
107535669
107535670
107535671
107535672
107535673
107535674
107535675
107535676
107535677
107535678
107535679
107535680
107535681
107535682
107535683
107535684
107535685
107535686
107535687
107535688
107535689
107535690
107535691
107535692
107535693
107535694
107535695
107535696
107535697
107535698
107535699
107535700
107535701
107535702
107535703
107535704
107535705
107535706
107535707
107535708
107535709
107535710
107535711
107535712
107535713
107535714
107535715
107535716
107535717
107535718
107535719
107535720
107535721
107535722
107535723
107535724
107535725
107535726
107535727
107535728
107535729
107535730
107535731
107535732
107535733
107535734
107535735
107535736
107535737
107535738
107535739
107535740
107535741
107535742
107535743
107535744
107535745
107535746
107535747
107535748
107535749
107535750
107535751
107535752
107535753
107535754
107535755
107535756
107535757
107535758
107535759
107535760
107535761
107535762
