107915587
107915588
107915589
107915590
107915591
107915592
107915593
107915594
107915595
107915596
107915597
107915598
107915599
107915600
107915601
107915602
107915603
107915604
107915605
107915606
107915607
107915608
107915609
107915610
107915611
107915612
107915613
107915614
107915615
107915616
107915617
107915618
107915619
107915620
107915621
107915622
107915623
107915624
107915625
107915626
107915627
107915628
107915629
107915630
107915631
107915632
107915633
107915634
107915635
107915636
107915637
107915638
107915639
107915640
107915641
107915642
107915643
107915644
107915645
107915646
107915647
107915648
107915649
107915650
107915651
107915652
107915653
107915654
107915655
107915656
107915657
107915658
107915659
107915660
107915661
107915662
107915663
107915664
107915665
107915666
107915667
107915668
107915669
107915670
107915671
107915672
107915673
107915674
107915675
107915676
107915677
107915678
107915679
107915680
107915681
107915682
107915683
107915684
107915685
107915686
107915687
107915688
107915689
107915690
107915691
107915692
107915693
107915694
107915695
107915696
107915697
107915698
107915699
107915700
107915701
107915702
107915703
107915704
107915705
107915706
107915707
107915708
107915709
107915710
107915711
107915712
107915713
107915714
107915715
107915716
107915717
107915718
107915719
107915720
107915721
107915722
107915723
107915724
107915725
107915726
107915727
