107817086
107817087
107817088
107817078
107817079
107817082
107817083
107817084
107817085
107817116
107817130
107817139
107817140
107817141
107817142
107817143
107817144
107817080
107817081
107817089
107817090
107817091
107817092
107817093
107817094
107817095
107817096
107817097
107817098
107817099
107817100
107817101
107817102
107817103
107817104
107817105
107817106
107817107
107817108
107817109
107817110
107817111
107817112
107817113
107817114
107817115
107817117
107817118
107817119
107817120
107817121
107817122
107817123
107817124
107817125
107817126
107817127
107817128
107817129
107817131
107817132
107817133
107817134
107817135
107817136
107817137
107817138
107817145
107817146
107817147
107817148
107817149
107817150
