108340722
108340723
108340724
108340725
108340726
108340727
108340728
108340729
108340730
108340731
108340732
108340733
108340734
108340735
108340736
108340737
108340738
108340739
108340740
108340741
108340742
108340743
108340744
108340745
108340746
108340747
108340748
108340749
108340750
108340751
108340752
108340753
108340754
108340755
108340756
108340757
108340758
108340759
108340760
108340761
108340762
108340763
108340764
108340765
108340766
108340767
108340768
108340769
108340770
108340771
108340772
108340773
108340774
108340775
108340776
108340777
108340778
108340779
108340780
108340781
108340782
108340783
108340784
108340785
108340786
108340787
108340788
108340789
108340790
108340791
108340792
108340793
108340794
108340795
108340796
108340797
108340798
108340799
108340800
108340801
108340802
108340803
108340804
108340805
108340806
108340807
108340808
108340809
108340810
