108143700
108143701
108143702
108143703
108143704
108143705
108143706
108143707
108143708
108143709
108143710
108143711
108143712
108143713
108143714
108143715
108143716
108143717
108143718
108143719
108143720
108143721
108143722
108143723
108143724
108143725
108143726
108143727
108143728
108143729
108143730
108143731
108143732
108143733
108143734
108143735
108143736
108143737
108143738
108143739
108143740
108143741
108143742
108143743
108143744
108143745
108143746
108143747
108143748
108143749
108143750
108143751
108143752
108143753
108143754
108143755
108143756
108143757
108143758
108143759
108143760
108143761
108143762
108143763
108143764
108143765
108143766
108143767
108143768
108143769
108143770
108143771
108143772
108143773
108143774
108143775
108143776
108143777
108143778
108143779
108143780
108143781
108143782
108143783
108143784
108143785
108143786
108143787
108143788
108143789
108143790
108143791
108143792
108143793
108143794
108143795
108143796
108143797
108143798
108143799
108143800
108143801
108143802
108143803
108143804
108143805
108143806
108143807
108143808
108143809
108143810
108143811
108143812
108143813
108143814
108143815
108143816
108143817
108143818
108143819
108143820
108143821
108143822
