108336083
108336084
108336085
108336086
108336087
108336088
108336089
108336090
108336091
108336092
108336093
108336094
108336095
108336096
108336097
108336098
108336099
108336100
108336101
108336102
108336103
108336104
108336105
108336106
108336107
108336108
108336109
108336110
108336111
108336112
108336113
108336114
108336115
108336116
108336117
108336118
108336119
108336120
108336121
108336122
108336123
108336124
108336125
108336126
108336127
108336128
108336129
108336130
108336131
108336132
108336133
108336134
108336135
108336136
108336137
108336138
108336139
108336140
108336141
108336142
108336143
108336144
108336145
108336146
108336147
108336148
108336149
108336150
108336151
108336152
108336153
108336154
108336155
108336156
108336157
108336158
108336159
108336160
108336161
108336162
108336163
108336164
108336165
108336166
108336167
108336168
108336169
108336170
108336171
108336172
108336173
108336174
108336175
108336176
108336177
108336178
108336179
108336180
108336181
108336182
108336183
108336184
108336185
108336186
108336187
108336188
108336189
108336190
108336191
108336192
108336193
108336194
108336195
108336196
108336197
108336198
108336199
108336200
108336201
108336202
108336203
108336204
108336205
108336206
108336207
108336208
108336209
108336210
108336211
108336212
108336213
108336214
