108140847
108140848
108140849
108140850
108140851
108140852
108140853
108140854
108140855
108140856
108140857
108140858
108140859
108140860
108140861
108140862
108140863
108140864
108140865
108140866
108140867
108140868
108140869
108140870
108140871
108140872
108140873
108140874
108140875
108140876
108140877
108140878
108140879
108140880
108140881
108140882
108140883
108140884
108140885
108140886
108140887
108140888
108140889
108140890
108140891
108140892
108140893
108140894
108140895
108140896
108140897
108140898
108140899
108140900
108140901
108140902
108140903
108140904
108140905
108140906
108140907
108140908
108140909
108140910
108140911
108140912
108140913
108140914
108140915
108140916
108140917
108140918
108140919
108140920
108140921
108140922
108140923
108140924
108140925
108140926
108140927
108140928
108140929
108140930
108140931
108140932
108140933
108140934
108140935
108140936
108140937
108140938
108140939
108140940
108140941
108140942
108140943
108140944
108140945
108140946
108140947
108140948
108140949
108140950
108140951
108140952
108140953
108140954
108140955
108140956
108140957
108140958
108140959
108140960
108140961
108140962
108140963
108140964
108140965
108140966
108140967
108140968
108140969
108140970
108140971
108140972
108140973
108140974
108140975
108140976
108140977
108140978
108140979
108140980
108140981
108140982
108140983
108140984
108140985
108140986
108140987
108140988
108140989
108140990
