108051390
108051391
108051392
108051393
108051394
108051395
108051396
108051397
108051398
108051399
108051400
108051401
108051402
108051403
108051404
108051405
108051406
108051407
108051408
108051409
108051410
108051411
108051412
108051413
108051414
108051415
108051416
108051417
108051418
108051419
108051420
108051421
108051422
108051423
108051424
108051425
108051426
108051427
108051428
108051429
108051430
108051431
108051432
108051433
108051434
108051435
108051436
108051437
108051438
108051439
108051440
108051441
108051442
108051443
108051444
108051445
108051446
108051447
