109236874
109236875
109236876
109236877
109236878
109236879
109236880
109236881
109236882
109236883
109236884
109236885
109236886
109236887
109236888
109236889
109236890
109236891
109236892
109236893
109236894
109236895
109236896
109236897
109236898
109236899
109236900
109236901
109236902
109236903
109236904
109236905
109236906
109236907
109236908
109236909
109236910
109236911
109236912
109236913
109236914
109236915
109236916
109236917
109236918
109236919
109236920
109236921
109236922
109236923
109236924
109236925
109236926
109236927
109236928
109236929
109236930
109236931
109236932
109236933
109236934
109236935
109236936
109236937
109236938
109236939
109236940
109236941
109236942
109236943
109236944
109236945
109236946
109236947
109236948
109236949
109236950
109236951
109236952
109236953
109236954
109236955
109236956
109236957
109236958
109236959
109236960
109236961
109236962
109236963
109236964
109236965
109236966
109236967
109236968
109236969
109236970
109236971
109236972
109236973
109236974
109236975
109236976
109236977
109236978
109236979
109236980
109236981
109236982
109236983
109236984
109236985
109236986
