109431141
109431142
109431143
109431144
109431145
109431146
109431147
109431148
109431149
109431150
109431151
109431152
109431153
109431154
109431155
109431156
109431157
109431158
109431159
109431160
109431161
109431162
109431163
109431164
109431165
109431166
109431167
109431168
109431169
109431170
109431171
109431172
109431173
109431174
109431175
109431176
109431177
109431178
109431179
109431180
109431181
109431182
109431183
109431184
109431185
109431186
109431187
109431188
109431189
109431190
109431191
109431192
109431193
109431194
109431195
109431196
109431197
109431198
109431199
109431200
109431201
109431202
109431203
109431204
