109327498
109327499
109327500
109327501
109327502
109327503
109327504
109327505
109327506
109327507
109327508
109327509
109327510
109327511
109327512
109327513
109327514
109327515
109327516
109327517
109327518
109327519
109327520
109327521
109327522
109327523
109327524
109327525
109327526
109327527
109327528
109327529
109327530
109327531
109327532
109327533
109327534
109327535
109327536
109327537
109327538
109327539
109327540
109327541
109327542
109327543
109327544
109327545
109327546
109327547
109327548
