109044734
109044735
109044744
109044745
109044746
109044765
109044729
109044730
109044731
109044732
109044733
109044736
109044737
109044738
109044739
109044740
109044741
109044742
109044743
109044747
109044748
109044749
109044750
109044751
109044752
109044753
109044754
109044755
109044756
109044757
109044758
109044759
109044760
109044761
109044762
109044763
109044764
109044766
109044767
109044768
109044769
109044770
109044771
109044772
109044773
109044774
109044775
109044776
109044777
109044778
109044779
109044780
109044781
109044782
