109237132
109237133
109237134
109237135
109237136
109237139
109237113
109237114
109237115
109237116
109237117
109237118
109237119
109237120
109237121
109237103
109237104
109237105
109237106
109237107
109237108
109237109
109237110
109237111
109237112
109237122
109237123
109237124
109237125
109237126
109237127
109237128
109237129
109237130
109237131
109237137
109237138
109237140
109237141
109237142
109237143
109237144
109237145
109237146
109237147
109237148
109237149
109237150
109237151
109237152
109237153
109237154
109237155
109237156
