109430661
109430662
109430663
109430664
109430665
109430666
109430667
109430668
109430669
109430670
109430671
109430672
109430673
109430674
109430675
109430676
109430677
109430678
109430679
109430680
109430681
109430682
109430683
109430684
109430685
109430686
109430687
109430688
109430689
109430690
109430691
109430692
109430693
109430694
109430695
109430696
109430697
109430698
109430699
109430700
109430701
109430702
109430703
109430704
109430705
109430706
109430707
109430708
109430709
109430710
109430610
109430611
109430612
109430613
109430614
109430615
109430616
109430617
109430618
109430619
109430620
109430621
109430622
109430623
109430624
109430625
109430626
109430627
109430628
109430629
109430630
109430631
109430632
109430633
109430634
109430635
109430636
109430637
109430638
109430639
109430640
109430641
109430642
109430643
109430644
109430645
109430646
109430647
109430648
109430649
109430650
109430651
109430652
109430653
109430654
109430655
109430656
109430657
109430658
109430659
109430660
