109326931
109326932
109326933
109326934
109326935
109326936
109326937
109326938
109326939
109326940
109326941
109326942
109326943
109326944
109326945
109326946
109326947
109326948
109326949
109326950
109326951
109326952
109326953
109326954
109326955
109326956
109326957
109326958
109326959
109326960
109326961
109326962
109326963
109326964
109326965
109326966
109326967
109326968
109326969
109326970
109326971
109326972
109326973
109326974
109326975
109326976
109326977
109326978
109326979
109326980
109326981
109326982
109326983
109326984
109326985
109326986
109326987
109326988
109326989
109326990
109326991
109326992
109326993
109326994
109326995
109326996
109326997
109326998
109326999
109327000
109327001
109327002
109327003
109327004
109327005
109327006
109327007
109327008
109327009
109327010
109327011
109327012
109327013
109327014
109327015
109327016
109327017
109327018
109327019
109327020
109327021
109327022
109327023
109327024
109327025
109327026
109327027
109327028
109327029
109327030
109327031
109327032
109327033
109327034
109327035
109327036
109327037
109327038
109327039
109327040
109327041
