110199106
110199107
110199108
110199109
110199110
110199111
110199112
110199113
110199114
110199115
110199116
110199117
110199118
110199119
110199120
110199121
110199122
110199123
110199124
110199125
110199126
110199127
110199128
110199129
110199130
110199131
110199132
110199133
110199134
110199135
110199136
110199137
110199138
110199139
110199140
110199141
110199142
110199143
110199144
110199145
110199146
110199147
110199148
110199149
110199150
110199151
110199152
110199153
110199154
110199155
110199156
110199157
110199158
110199159
110199160
110199161
110199162
110199163
110199164
110199165
110199166
110199167
110199168
110199169
110199170
110199171
110199172
110199173
110199174
110199175
110199176
110199177
110199178
110199179
110199180
110199181
110199182
110199183
110199184
110199185
110199186
110199187
110199188
110199189
110199190
110199191
110199192
110199193
110199194
110199195
110199196
110199197
110199198
110199199
110199200
110199201
110199202
110199203
110199204
110199205
110199206
110199207
110199208
110199209
110199210
110199211
110199212
110199213
110199214
110199215
110199216
110199217
110199218
