110199226
110199227
110199228
110199229
110199230
110199231
110199232
110199233
110199234
110199235
110199236
110199237
110199238
110199239
110199240
110199241
110199242
110199243
110199244
110199245
110199246
110199247
110199248
110199249
110199250
110199251
110199252
110199253
110199254
110199255
110199256
110199257
110199258
110199259
110199260
110199261
110199262
110199263
110199264
110199265
110199266
110199267
110199268
110199269
110199270
110199271
110199272
110199273
110199274
110199275
110199276
110199277
110199278
110199279
110199280
110199281
110199282
110199283
110199284
110199285
110199286
110199287
110199288
110199289
110199290
110199291
110199292
110199293
110199294
110199295
110199296
110199297
110199298
110199299
110199300
110199301
110199302
110199303
110199304
110199305
110199306
110199307
110199308
110199309
110199310
110199311
110199312
110199313
110199314
110199315
110199316
110199317
110199318
110199319
110199320
110199321
110199322
110199323
110199324
110199325
110199326
110199327
110199328
110199329
110199330
110199331
110199332
110199333
110199334
110199335
110199336
110199337
