110477796
110477797
110477798
110477799
110477800
110477801
110477802
110477803
110477804
110477805
110477806
110477807
110477808
110477809
110477810
110477811
110477812
110477813
110477814
110477815
110477816
110477817
110477818
110477819
110477820
110477821
110477822
110477823
110477824
110477825
110477826
110477827
110477828
110477829
110477830
110477831
110477832
110477833
110477834
110477835
110477836
110477837
110477838
110477839
110477840
110477841
110477842
110477843
110477844
110477845
110477846
110477847
110477848
110477849
110477850
110477851
110477852
110477853
110477854
110477855
110477856
110477857
110477858
110477859
110477860
110477861
110477862
110477863
110477864
110477865
110477866
110477867
110477868
110477869
110477870
110477871
110477872
110477873
