110282171
110282172
110282173
110282174
110282175
110282176
110282177
110282178
110282179
110282180
110282181
110282149
110282150
110282151
110282152
110282153
110282154
110282155
110282156
110282157
110282158
110282159
110282160
110282161
110282162
110282163
110282164
110282165
110282166
110282167
110282168
110282169
110282170
110282182
110282183
110282184
110282185
110282186
110282187
110282188
110282189
110282190
110282191
110282192
110282193
110282194
110282195
110282196
110282197
110282198
110282199
110282200
110282201
110282202
110282203
110282204
110282205
110282206
110282207
110282208
110282209
110282210
110282211
110282212
110282213
110282214
110282215
110282216
110282217
110282218
110282219
110282220
110282221
110282222
110282223
110282224
110282225
110282226
110282227
110282228
110282229
110282230
110282231
110282232
110282233
110282234
110282235
110282236
