110477444
110477445
110477446
110477447
110477448
110477449
110477450
110477451
110477452
110477453
110477454
110477455
110477456
110477457
110477458
110477459
110477460
110477461
110477462
110477463
110477464
110477465
110477466
110477467
110477468
110477469
110477470
110477471
110477472
110477473
110477474
110477475
110477476
110477477
110477478
110477479
110477480
110477481
110477482
110477483
110477484
110477485
110477486
110477487
110477488
110477489
110477490
110477491
110477492
110477493
110477494
110477495
110477496
110477497
110477498
110477499
110477500
110477501
110477502
110477503
110477504
110477505
110477506
110477507
110477508
110477509
110477510
110477511
110477512
110477513
110477514
110477515
110477516
110477517
110477518
110477519
110477520
110477521
110477522
110477523
110477524
110477525
110477526
110477527
110477528
110477529
110477530
110477531
110477532
110477533
110477534
110477535
110477536
110477537
110477538
110477539
110477540
110477541
110477542
110477543
110477544
110477545
110477546
