111227859
111227860
111227861
111227862
111227863
111227864
111227865
111227788
111227789
111227790
111227791
111227792
111227793
111227794
111227795
111227796
111227797
111227798
111227799
111227800
111227801
111227802
111227803
111227804
111227805
111227806
111227807
111227808
111227809
111227810
111227811
111227812
111227813
111227814
111227815
111227816
111227817
111227818
111227819
111227820
111227821
111227822
111227823
111227824
111227825
111227826
111227827
111227828
111227829
111227830
111227831
111227832
111227833
111227834
111227835
111227836
111227837
111227838
111227839
111227840
111227841
111227842
111227843
111227844
111227845
111227846
111227847
111227848
111227849
111227850
111227851
111227852
111227853
111227854
111227855
111227856
111227857
111227858
111227866
111227867
111227868
111227869
111227870
111227871
111227872
111227873
111227874
111227875
111227876
111227877
111227878
111227879
111227880
111227881
111227882
111227883
