111325859
111325860
111325861
111325862
111325863
111326007
111326008
111326009
111326010
111325876
111325877
111325878
111325879
111325880
111325881
111325864
111325865
111325866
111325867
111325868
111325869
111325870
111325871
111325872
111325873
111325874
111325875
111325903
111325904
111325905
111325906
111325882
111325883
111325884
111325885
111325886
111325887
111325888
111325889
111325890
111325891
111325892
111325893
111325894
111325895
111325896
111325897
111325898
111325899
111325900
111325901
111325902
111325907
111325908
111325909
111325910
111325911
111325912
111325913
111325914
111325915
111325916
111325917
111325918
111325919
111325920
111325921
111325922
111325923
111325924
111325925
111325926
111325927
111325928
111325929
111325930
111325931
111325932
111325933
111325934
111325935
111325936
111325937
111325938
111325939
111325940
111325941
111325942
111325943
111325944
111325945
111325946
111325947
111325948
111325949
111325950
111325951
111325952
111325953
111325954
111325955
111325956
111325957
111325958
111325959
111325960
111325961
111325962
111325963
111325964
111325965
111325966
111325967
111325968
111325969
111325970
111325971
111325972
111325973
111325974
111325975
111325976
111325977
111325978
111325979
111325980
111325981
111325982
111325983
111325984
111325985
111325986
111325987
111325988
111325989
111325990
111325991
111325992
111325993
111325994
111325995
111325996
111325997
111325998
111325999
111326000
111326001
111326002
111326003
111326004
111326005
111326006
