111225226
111225234
111225235
111225236
111225237
111225238
111225239
111225227
111225228
111225229
111225230
111225231
111225232
111225233
111225240
111225241
111225242
111225243
111225244
111225245
111225246
111225247
111225248
111225249
111225250
111225251
111225252
111225253
111225254
111225255
111225256
111225257
111225258
111225259
111225260
111225261
111225262
111225263
111225264
111225265
111225266
111225267
111225268
111225269
111225270
111225271
111225272
111225273
111225274
111225275
111225276
111225277
111225278
111225279
111225280
