111228258
111228259
111228260
111228261
111228262
111228263
111228264
111228265
111228266
111228267
111228268
111228269
111228270
111228271
111228272
111228273
111228274
111228275
111228276
111228277
111228278
111228279
111228280
111228281
111228282
111228283
111228284
111228285
111228286
111228287
111228288
111228289
111228290
111228291
111228292
111228293
111228294
111228295
111228296
111228297
111228298
111228299
111228300
111228301
111228302
111228303
111228304
111228305
111228306
111228307
111228308
111228309
111228310
111228311
111228312
111228313
111228314
111228315
111228316
111228317
111228318
111228319
111228320
111228321
111228322
111228323
111228324
111228325
111228326
111228327
111228328
111228329
111228330
111228331
111228332
111228333
111228334
111228335
111228336
111228337
111228338
111228339
111228340
111228341
111228342
111228343
111228344
111228345
111228346
111228347
111228348
111228349
111228350
111228351
111228352
111228353
111228354
111228355
111228356
111228357
111228358
111228359
111228360
111228361
111228362
