111145511
111145512
111145513
111145514
111145515
111145516
111145517
111145518
111145519
111145520
111145521
111145522
111145523
111145524
111145525
111145526
111145527
111145528
111145529
111145530
111145531
111145532
111145533
111145534
111145535
111145536
111145537
111145538
111145539
111145540
111145541
111145542
111145543
111145544
111145545
111145546
111145547
111145548
111145549
111145550
111145551
111145552
111145553
111145554
111145555
111145556
111145557
111145558
111145559
111145560
111145561
