111326632
111326633
111326634
111326635
111326636
111326637
111326638
111326639
111326640
111326641
111326642
111326643
111326644
111326645
111326646
111326647
111326648
111326649
111326650
111326651
111326652
111326653
111326654
111326655
111326656
111326657
111326658
111326659
111326660
111326661
111326662
111326663
111326664
111326665
111326666
111326667
111326668
111326669
111326670
111326671
111326672
111326673
111326674
111326675
111326676
111326677
111326678
111326679
111326680
111326681
111326682
111326683
111326684
111326685
111326686
111326687
111326688
111326689
111326690
111326691
111326692
111326693
111326694
111326695
111326696
111326697
111326698
111326699
111326700
111326701
111326702
111326703
111326704
111326705
111326706
111326707
111326708
111326709
111326710
111326711
111326712
111326713
111326714
111326715
111326716
111326717
111326718
111326719
111326720
111326721
111326722
111326723
111326724
111326725
111326726
111326727
111326728
111326729
111326730
111326731
111326732
111326733
111326734
111326735
111326736
111326737
111326738
