112234463
112234464
112234465
112234466
112234467
112234468
112234469
112234470
112234471
112234472
112234473
112234474
112234475
112234476
112234477
112234478
112234479
112234480
112234481
112234482
112234483
112234484
112234485
112234486
112234487
112234488
112234489
112234490
112234491
112234492
112234493
112234494
112234495
112234496
112234497
112234498
112234499
112234500
112234501
112234502
112234503
112234504
112234505
112234506
112234507
112234508
112234509
112234510
112234511
112234512
112234513
112234514
112234515
112234516
112234517
112234518
112234519
112234520
112234521
112234522
112234523
112234524
112234525
112234526
112234527
112234528
112234529
112234530
112234531
112234532
112234533
112234534
112234535
112234536
112234537
112234538
112234539
112234540
112234541
112234542
112234543
112234544
112234545
112234546
112234547
112234548
112234549
112234550
112234551
112234552
112234553
112234554
112234555
112234556
112234557
112234558
112234559
112234560
112234561
112234562
112234563
112234564
112234565
112234566
112234567
112234568
112234569
112234570
112234571
112234572
112234573
