112235303
112235304
112235289
112235290
112235291
112235292
112235293
112235294
112235295
112235296
112235297
112235298
112235299
112235300
112235301
112235302
112235305
112235306
112235307
112235308
112235309
112235310
112235311
112235312
112235313
112235314
112235315
112235316
112235317
112235318
112235319
112235320
112235321
112235322
112235323
112235324
112235325
112235326
112235327
112235328
112235329
112235330
112235331
112235332
112235333
112235334
112235335
112235336
112235337
112235338
112235339
112235340
112235341
112235342
112235343
112235344
112235345
112235346
112235347
112235348
112235349
112235350
112235351
112235352
112235353
112235354
112235355
112235356
112235357
112235358
112235359
112235360
112235361
112235362
112235363
112235364
112235365
112235366
112235367
112235368
112235369
112235370
112235371
112235372
112235373
112235374
112235375
112235376
112235377
112235378
112235379
112235380
112235381
112235382
112235383
112235384
112235385
112235386
112235387
112235388
112235389
112235390
112235391
112235392
112235393
