112234779
112234780
112234965
112234966
112234967
112234968
112234969
112234970
112234971
112235015
112235030
112235031
112235032
112234781
112234782
112234783
112234784
112234785
112234786
112234787
112234788
112234789
112234790
112234791
112234792
112234793
112234794
112234795
112234796
112234797
112234798
112234799
112234800
112234801
112234802
112234803
112234804
112234805
112234806
112234807
112234808
112234809
112234810
112234811
112234812
112234813
112234814
112234815
112234816
112234817
112234818
112234819
112234820
112234821
112234822
112234823
112234824
112234825
112234826
112234827
112234828
112234829
112234830
112234831
112234832
112234833
112234834
112234835
112234836
112234837
112234838
112234839
112234840
112234841
112234842
112234843
112234844
112234845
112234846
112234847
112234848
112234849
112234850
112234851
112234852
112234853
112234854
112234855
112234856
112234857
112234858
112234859
112234860
112234861
112234862
112234863
112234864
112234865
112234866
112234867
112234868
112234869
112234870
112234871
112234872
112234873
112234874
112234875
112234876
112234877
112234878
112234879
112234880
112234881
112234882
112234883
112234884
112234885
112234886
112234893
112234894
112234895
112234896
112234897
112234898
112234899
112234900
112234901
112234902
112234903
112234904
112234905
112234906
112234907
112234908
112234909
112234910
112234911
112234912
112234913
112234914
112234915
112234916
112234917
112234918
112234919
112234920
112234934
112234935
112234940
112234941
112234942
112234943
112234944
112234945
112234946
112234947
112234948
112234949
112234950
112234951
112234952
112234953
112234954
112234955
112234956
112234957
112234958
112234959
112234960
112234961
112234962
112234963
112234964
112234972
112234973
112234974
112234975
112234976
112234977
112234978
112234979
112234980
112234981
112234982
112234983
112234984
112234985
112234986
112234987
112234988
112234989
112234990
112234991
112234992
112234993
112234994
112234995
112234996
112234997
112234998
112234999
112235000
112235001
112235002
112235003
112235004
112235005
112235006
112235007
112235008
112235009
112235010
112235011
112235012
112235013
112235014
112235016
112235017
112235018
112235019
112235020
112235021
112235022
112235023
112235024
112235025
112235026
112235027
112235033
112235034
112235035
112235036
112235037
112235038
112235039
112235040
112235041
112235042
112235043
112235044
112235045
112235046
112235047
112235048
112235049
112235050
112235051
112235052
112235053
112235054
112235055
112235056
112235057
112235058
112235059
112235060
112235061
112235062
112235063
112235064
112235065
112235066
112235067
112235068
112235069
112235070
112235071
112235072
112234774
112234775
112234776
112234777
112234778
112234887
112234888
112234889
112234890
112234891
112234892
112234921
112234922
112234923
112234924
112234925
112234926
112234927
112234928
112234929
112234930
112234931
112234932
112234933
112234936
112234937
112234938
112234939
112235028
112235029
112234773
112235073
