112234663
112234664
112234665
112234666
112234667
112234668
112234669
112234670
112234671
112234672
112234673
112234674
112234675
112234676
112234677
112234678
112234679
112234680
112234681
112234682
112234683
112234684
112234685
112234686
112234687
112234688
112234689
112234690
112234691
112234692
112234693
112234694
112234695
112234696
112234697
112234698
112234699
112234700
112234701
112234702
112234703
112234704
112234705
112234706
112234707
112234708
112234709
112234710
112234711
112234712
112234713
112234714
112234715
112234716
112234717
112234718
112234719
112234720
112234721
112234722
112234723
112234724
112234725
112234726
112234727
112234728
112234729
112234730
112234731
112234732
112234733
112234734
112234735
112234736
112234737
112234738
112234739
112234740
112234741
112234742
112234743
112234744
112234745
112234746
112234747
112234748
112234749
112234750
112234751
112234752
112234753
112234754
112234755
112234756
112234757
112234758
112234759
112234760
112234761
112234762
112234763
112234764
112234765
112234766
112234767
112234768
112234769
112234770
112234771
112234772
