112143306
112143307
112143308
112143309
112143310
112143311
112143312
112143313
112143314
112143315
112143316
112143317
112143318
112143319
112143320
112143321
112143322
112143323
112143324
112143325
112143326
112143327
112143328
112143329
112143330
112143331
112143332
112143333
112143334
112143335
112143336
112143337
112143338
112143339
112143340
112143341
112143342
112143343
112143344
112143345
112143346
112143347
112143348
112143349
112143350
112143351
112143352
112143353
112143354
112143355
112143356
112143357
112143358
112143359
112143360
112143361
112143362
112143363
112143364
112143365
112143366
112143367
112143368
112143369
112143370
112143371
112143372
112143373
112143374
112143375
112143376
112143377
112143378
112143379
112143380
112143381
112143382
112143383
112143384
112143385
112143386
112143387
112143388
