112357484
112357485
112357486
112357487
112357488
112357489
112357490
112357491
112357492
112357493
112357494
112357495
112357496
112357497
112357505
112357506
112357507
112357508
112357509
112357510
112357511
112357512
112357513
112357514
112357524
112357525
112357526
112357527
112357528
112357529
112357498
112357499
112357500
112357501
112357502
112357503
112357504
112357515
112357516
112357517
112357518
112357519
112357520
112357521
112357522
112357523
112357530
112357531
112357532
112357533
112357534
112357535
112357536
