112385606
112385607
112385608
112385609
112385610
112385611
112385612
112385613
112385614
112385615
112385616
112385617
112385618
112385619
112385620
112385621
112385622
112385623
112385624
112385625
112385626
112385627
112385628
112385629
112385630
112385631
112385632
112385633
112385634
112385635
112385636
112385637
112385638
112385639
112385640
112385641
112385642
112385643
112385644
112385645
112385646
112385647
112385648
112385649
112385650
112385651
112385652
112385653
112385654
112385655
112385656
112385657
112385658
112385659
112385660
112385661
112385662
112385663
112385664
112385665
112385666
112385667
112385668
112385669
112385670
112385671
112385672
112385673
112385674
112385675
112385676
112385677
112385678
112385679
112385680
112385681
112385682
112385683
112385684
112385685
112385686
