112385869
112385870
112385871
112385872
112385873
112385874
112385875
112385876
112385877
112385878
112385879
112385880
112385881
112385882
112385883
112385884
112385885
112385886
112385887
112385888
112385889
112385890
112385891
112385892
112385893
112385894
112385895
112385896
112385897
112385898
112385899
112385900
112385901
112385902
112385903
112385904
112385905
112385906
112385907
112385908
112385909
112385910
112385911
112385912
112385913
112385914
112385915
112385916
112385917
112385918
112385919
112385920
112385921
112385922
112385923
112385924
112385925
112385926
112385927
112385928
112385929
112385930
112385931
112385932
112385933
112385934
112385935
112385936
112385937
112385938
112385939
112385940
112385941
112385942
112385943
112385944
112385945
112385946
112385947
112385948
112385949
112385950
112385951
112385952
112385953
112385954
112385955
112385956
112385957
112385958
112385959
112385960
112385961
112385962
112385963
112385964
112385965
112385966
112385967
112385968
