112173653
112173670
112173684
112173685
112173686
112173687
112173688
112173689
112173690
112173654
112173655
112173656
112173657
112173658
112173659
112173660
112173661
112173662
112173663
112173664
112173665
112173666
112173667
112173668
112173669
112173671
112173672
112173673
112173674
112173675
112173676
112173677
112173678
112173679
112173680
112173681
112173682
112173683
112173691
112173692
112173693
112173694
112173695
112173696
112173697
112173698
112173699
112173700
112173701
112173702
112173703
112173704
112173705
112173706
112173707
112173708
112173709
112173710
112173711
112173712
112173713
