112266155
112266156
112266157
112266158
112266159
112266160
112266161
112266162
112266163
112266164
112266165
112266166
112266167
112266168
112266169
112266170
112266171
112266172
112266173
112266174
112266175
112266176
112266177
112266178
112266179
112266180
112266181
112266182
112266183
112266184
112266185
112266186
112266187
112266188
112266189
112266190
112266191
112266192
112266193
112266194
112266195
112266196
112266197
112266198
112266199
112266200
112266201
112266202
112266203
112266204
112266205
112266206
112266207
112266208
112266209
112266210
112266211
112266212
112266213
112266214
112266215
112266216
112266217
112266218
112266219
112266220
112266221
112266222
112266223
112266224
112266225
112266226
112266227
112266228
112266229
112266230
112266231
112266232
112266233
112266234
112266235
112266236
112266237
112266238
112266239
112266240
112266241
112266242
112266243
112266244
112266245
112266246
112266247
112266248
112266249
112266250
112266251
112266252
112266253
112266254
112266255
112266256
112266257
112266258
112266259
112266260
112266261
112266262
112266263
112266264
112266265
112266266
