112075363
112075364
112075365
112075366
112075404
112075405
112075406
112075367
112075368
112075369
112075370
112075371
112075372
112075373
112075374
112075375
112075376
112075377
112075378
112075379
112075380
112075381
112075382
112075383
112075384
112075385
112075386
112075387
112075388
112075389
112075390
112075391
112075392
112075393
112075394
112075395
112075396
112075397
112075398
112075399
112075400
112075401
112075402
112075403
112075407
112075408
112075409
112075410
112075411
112075412
112075413
112075414
112075415
112075416
112075417
112075418
112075419
112075420
112075421
112075422
112075423
112075424
112075425
112075426
112075427
112075428
112075429
112075430
112075431
112075432
112075433
112075434
112075435
112075436
112075437
112075438
112075439
112075440
112075441
112075442
112075443
112075444
112075445
112075446
112075447
112075448
112075449
112075450
112075451
112075452
112075453
112075454
112075455
112075456
112075457
112075458
112075459
112075460
112075461
112075462
112075463
112075464
112075465
112075466
112075467
112075468
112075469
112075470
112075471
112075472
112075473
112075474
112075475
112075476
112075477
112075478
112075479
112075480
112075481
112075482
112075483
112075484
