112177585
112177586
112177587
112177588
112177589
112177590
112177591
112177592
112177593
112177594
112177595
112177596
112177597
112177598
112177599
112177600
112177601
112177602
112177603
112177604
112177605
112177606
112177607
112177608
112177609
112177610
112177611
112177612
112177613
112177614
112177615
112177616
112177617
112177618
112177619
112177620
112177621
112177622
112177623
112177624
112177625
112177626
112177627
112177628
112177629
112177630
112177631
112177632
112177633
112177634
112177635
112177636
112177637
112177638
112177639
112177640
112177641
112177642
112177643
112177644
112177645
112177646
112177647
112177648
112177649
112177650
112177651
112177652
112177653
112177654
112177655
112177656
112177657
112177658
112177659
112177660
112177661
112177662
112177663
112177664
112177665
112177666
112177667
112177668
112177669
112177670
112177671
112177672
112177673
112177674
112177675
112177676
112177677
112177678
112177679
112177680
112177681
112177682
112177683
112177684
112177685
112177686
112177687
112177688
112177689
112177690
112177691
112177692
112177693
112177694
112177695
