112075826
112075827
112075828
112075829
112075830
112075831
112075832
112075833
112075863
112075864
112075865
112075866
112075930
112075987
112076008
112076020
112076021
112076022
112076023
112075834
112075835
112075836
112075837
112075838
112075839
112075840
112075841
112075842
112075843
112075844
112075845
112075846
112075847
112075848
112075849
112075850
112075851
112075852
112075853
112075854
112075855
112075856
112075857
112075858
112075859
112075860
112075861
112075862
112075867
112075868
112075869
112075870
112075871
112075872
112075873
112075874
112075875
112075876
112075877
112075878
112075879
112075880
112075881
112075882
112075883
112075884
112075885
112075886
112075887
112075888
112075889
112075890
112075891
112075892
112075893
112075894
112075895
112075896
112075897
112075898
112075899
112075900
112075901
112075902
112075903
112075904
112075905
112075906
112075907
112075908
112075909
112075910
112075911
112075912
112075913
112075914
112075915
112075916
112075917
112075918
112075919
112075920
112075921
112075922
112075923
112075924
112075925
112075926
112075927
112075928
112075929
112075931
112075932
112075933
112075934
112075935
112075936
112075937
112075938
112075939
112075940
112075941
112075942
112075943
112075944
112075945
112075946
112075947
112075948
112075949
112075950
112075951
112075952
112075953
112075954
112075955
112075956
112075957
112075958
112075959
112075960
112075961
112075962
112075963
112075964
112075965
112075966
112075967
112075968
112075969
112075970
112075971
112075972
112075973
112075974
112075975
112075976
112075977
112075978
112075979
112075980
112075981
112075982
112075983
112075984
112075985
112075986
112075988
112075989
112075990
112075991
112075992
112075993
112075994
112075995
112075996
112075997
112075998
112075999
112076000
112076001
112076002
112076003
112076004
112076005
112076006
112076007
112076009
112076010
112076011
112076012
112076013
112076014
112076015
112076016
112076017
112076018
112076019
112076024
112076025
112076026
112076027
112076028
112076029
112076030
112076031
112076032
112076033
112076034
112076035
112076036
112076037
112076038
112076039
112076040
112076041
112076042
112076043
112076044
112076045
112076046
112076047
112076048
112076049
112076050
112076051
112076052
112076053
112076054
112076055
112076056
112076057
112076058
112076059
112076060
112076061
112076062
112076063
112076064
112076065
