112455548
112455549
112455550
112455551
112455552
112455553
112455554
112455555
112455556
112455557
112455558
112455559
112455560
112455561
112455562
112455563
112455564
112455565
112455566
112455567
112455568
112455569
112455570
112455571
112455572
112455573
112455574
112455575
112455576
112455577
112455578
112455579
112455580
112455581
112455582
112455583
112455584
112455585
112455586
112455587
112455588
112455589
112455590
112455591
112455592
112455593
112455594
112455595
112455596
112455597
112455598
112455599
112455600
112455601
112455602
112455603
112455604
112455605
112455606
112455607
112455608
112455609
112455610
112455611
112455612
112455613
112455614
112455615
112455616
112455617
112455618
112455619
112455620
112455621
112455622
112455623
112455624
112455625
112455626
112455627
112455628
112455629
112455630
112455631
112455632
112455633
112455634
112455635
112455636
112455637
112455638
112455639
112455640
112455641
112455642
112455643
112455644
112455645
112455646
112455647
112455648
112455649
112455650
112455651
112455652
112455653
112455654
112455655
112455656
112455657
112455658
112455659
112455660
