112600496
112600497
112600504
112600506
112600507
112600508
112600509
112600519
112600520
112600521
112600525
112600526
112600574
112600575
112600576
112600489
112600490
112600491
112600492
112600493
112600494
112600495
112600498
112600499
112600500
112600501
112600502
112600503
112600505
112600510
112600511
112600512
112600513
112600514
112600515
112600516
112600517
112600518
112600577
112600578
112600579
112600522
112600523
112600524
112600527
112600528
112600529
112600530
112600531
112600532
112600533
112600534
112600535
112600536
112600537
112600538
112600539
112600540
112600541
112600542
112600543
112600544
112600545
112600546
112600547
112600548
112600549
112600550
112600551
112600552
112600553
112600554
112600555
112600556
112600557
112600558
112600559
112600560
112600561
112600562
112600563
112600564
112600565
112600566
112600567
112600568
112600569
112600570
112600571
112600572
112600573
