112601347
112601348
112601349
112601350
112601351
112601352
112601345
112601346
112601353
112601354
112601355
112601356
112601357
112601358
112601359
112601360
112601361
112601362
112601363
112601364
112601365
112601366
112601367
112601368
112601369
112601370
112601371
112601372
112601373
112601374
112601375
112601376
112601377
112601378
112601379
112601380
112601381
112601382
112601383
112601384
112601385
112601386
112601387
112601388
112601389
112601390
112601391
112601392
112601393
112601394
112601395
112601396
112601397
112601398
112601399
112601400
112601401
