112601065
112601066
112601067
112601068
112601069
112601070
112601071
112601072
112601073
112601074
112601075
112601076
112601077
112601078
112601079
112601080
112601081
112601082
112601083
112601084
112601085
112601086
112601087
112601088
112601089
112601090
112601091
112601092
112601093
112601094
112601095
112601096
112601097
112601098
112601099
112601100
112601101
112601102
112601103
112601104
112601105
112601106
112601107
112601108
112601109
112601110
112601111
112601112
112601113
112601114
112601115
112601116
112601117
112601118
112601119
112601120
112601121
112601122
112601123
112601124
112601125
112601126
112601127
112601128
112601129
112601130
112601131
112601132
112601133
112601134
112601135
112601136
112601137
112601138
112601139
112601140
112601141
112601142
112601143
112601144
112601145
112601146
112601147
112601148
112601149
112601150
112601151
112601152
112601153
112601154
112601155
112601156
112601157
112601158
112601159
112601160
112601161
112601162
112601163
112601164
112601165
112601166
112601167
112601168
