112600295
112600299
112600300
112600302
112600303
112600343
112600344
112600345
112600291
112600292
112600293
112600315
112600316
112600317
112600318
112600322
112600323
112600324
112600288
112600289
112600290
112600294
112600296
112600297
112600298
112600301
112600304
112600305
112600306
112600307
112600308
112600309
112600310
112600311
112600312
112600313
112600314
112600319
112600320
112600321
112600325
112600326
112600327
112600328
112600329
112600330
112600331
112600332
112600333
112600334
112600335
112600336
112600337
112600338
112600339
112600340
112600341
112600342
112600346
112600347
112600348
112600349
112600350
112600351
112600352
112600353
112600354
112600355
112600356
112600357
112600358
112600359
112600360
112600361
112600362
112600363
112600364
112600365
112600366
112600367
112600368
112600369
112600370
112600371
112600372
112600373
112600374
112600375
112600376
112600377
112600378
112600379
112600380
112600381
112600382
112600383
112600384
112600385
112600386
112600387
112600388
112600389
112600390
112600391
112600392
112600393
112600394
112600395
112600396
112600397
112600398
112600399
