112478297
112478298
112478299
112478300
112478301
112478302
112478303
112478304
112478305
112478306
112478307
112478308
112478309
112478310
112478311
112478312
112478313
112478314
112478315
112478316
112478317
112478318
112478319
112478320
112478321
112478322
112478323
112478324
112478325
112478326
112478327
112478328
112478329
112478330
112478331
112478332
112478333
112478334
112478335
112478336
112478337
112478338
112478339
112478340
112478341
112478342
112478343
112478344
112478345
112478346
112478347
112478348
112478349
112478350
112478351
112478352
112478353
112478354
112478355
112478356
112478357
112478358
112478359
112478360
112478361
112478362
112478363
112478364
112478365
112478366
112478367
112478368
112478369
112478370
