112391185
112391186
112391187
112391188
112391189
112391190
112391191
112391192
112391193
112391194
112391195
112391196
112391197
112391198
112391199
112391200
112391201
112391202
112391203
112391204
112391205
112391206
112391207
112391208
112391209
112391210
112391211
112391212
112391213
112391214
112391215
112391216
112391217
112391218
112391219
112391220
112391221
112391222
112391223
112391224
112391225
112391226
112391227
112391228
112391229
112391230
112391231
112391232
112391233
112391234
112391235
112391236
112391237
112391238
112391239
112391240
112391241
112391242
112391243
112391244
112391245
112391246
112391247
112391248
112391249
112391250
112391251
112391252
112391253
112391254
112391255
112391256
112391257
112391258
112391259
112391260
112391261
112391262
112391263
112391264
112391265
112391266
112391267
112391268
112391269
112391270
112391271
112391272
112391273
112391274
112391275
112391276
112391277
112391278
112391279
112391280
112391281
112391282
112391283
112391284
112391285
112391286
112391287
112391288
