112483923
112483924
112483925
112483926
112483927
112483928
112483932
112483933
112483934
112483935
112483936
112483937
112483938
112483939
112483940
112483941
112483942
112483961
112483962
112483845
112483846
112483847
112483848
112483849
112483902
112483903
112483904
112483905
112483906
112483907
112483908
112483909
112483910
112483911
112483912
112483913
112483914
112483915
112483838
112483839
112483840
112483841
112483842
112483843
112483844
112483850
112483851
112483852
112483853
112483854
112483855
112483856
112483857
112483858
112483859
112483860
112483861
112483862
112483863
112483864
112483865
112483866
112483867
112483868
112483869
112483870
112483871
112483872
112483873
112483874
112483875
112483876
112483877
112483878
112483879
112483880
112483881
112483882
112483883
112483884
112483885
112483886
112483887
112483888
112483889
112483890
112483891
112483892
112483893
112483894
112483895
112483896
112483897
112483898
112483899
112483900
112483901
112483916
112483917
112483918
112483919
112483920
112483921
112483922
112483929
112483930
112483931
112483943
112483944
112483945
112483946
112483947
112483948
112483949
112483950
112483951
112483952
112483953
112483954
112483955
112483956
112483957
112483958
112483959
112483960
112483963
