112296647
112296648
112296649
112296650
112296651
112296652
112296653
112296654
112296655
112296656
112296657
112296658
112296659
112296660
112296661
112296662
112296663
112296664
112296665
112296666
112296667
112296668
112296669
112296670
112296671
112296672
112296673
112296674
112296675
112296676
112296677
112296678
112296679
112296680
112296681
112296682
112296683
112296684
112296685
112296686
112296687
112296688
112296689
112296690
112296691
112296692
112296693
112296694
112296695
112296696
112296697
112296698
112296699
112296700
112296701
112296702
112296703
112296704
112296705
112296706
112296707
112296708
112296709
112296710
112296711
112296712
112296713
112296714
112296715
112296716
112296717
112296718
112296719
112296720
112296721
112296722
112296723
112296724
112296725
112296726
112296727
112296728
112296729
112296730
112296731
112296732
112296733
112296734
112296735
112296736
112296737
112296738
112296739
112296740
112296741
112296742
112296743
112296744
112296745
112296746
112296747
112296748
112296749
112296750
112296751
112296752
112296753
112296754
112296755
112296756
112296757
112296758
112296759
112296760
112296761
112296762
112296763
112296764
112296765
112296766
112296767
112296768
