112506906
112506946
112506947
112506948
112506901
112506902
112506903
112506904
112506905
112506907
112506908
112506909
112506910
112506911
112506912
112506913
112506914
112506915
112506916
112506917
112506918
112506919
112506920
112506921
112506922
112506923
112506924
112506925
112506926
112506927
112506928
112506929
112506930
112506931
112506932
112506933
112506934
112506935
112506936
112506937
112506938
112506939
112506940
112506941
112506942
112506943
112506944
112506945
112506949
112506950
112506951
112506952
112506953
112506954
112506955
112506956
112506957
112506958
112506959
112506960
112506961
112506962
112506963
112506964
112506965
112506966
112506967
112506968
112506969
112506970
112506971
112506972
112506973
112506974
112506975
112506976
