112505537
112505538
112505539
112505540
112505541
112505542
112505543
112505544
112505545
112505546
112505547
112505548
112505549
112505550
112505551
112505552
112505553
112505554
112505555
112505556
112505557
112505558
112505559
112505560
112505561
112505562
112505563
112505564
112505565
112505566
112505567
112505568
112505569
112505570
112505571
112505572
112505573
112505574
112505575
112505576
112505577
112505578
112505579
112505580
112505581
112505582
112505583
112505584
112505585
112505586
112505587
112505588
112505589
112505590
112505591
112505592
112505593
112505594
112505595
112505596
112505597
112505598
112505599
112505600
112505601
112505602
112505603
112505604
112505605
112505606
112505607
112505608
112505609
112505610
112505611
112505612
112505613
112505614
112505615
112505616
112505617
112505618
112505619
112505620
112505621
112505622
112505623
112505624
112505625
112505626
112505627
112505628
112505629
112505630
112505631
112505632
112505633
112505634
112505635
112505636
112505637
112505638
112505639
112505640
112505641
112505642
112505643
112505644
112505645
112505646
112505647
112505648
