112484393
112484394
112484395
112484396
112484397
112484398
112484399
112484400
112484401
112484402
112484403
112484404
112484405
112484406
112484407
112484408
112484409
112484410
112484411
112484412
112484413
112484414
112484415
112484416
112484417
112484418
112484419
112484420
112484421
112484422
112484423
112484424
112484425
112484426
112484427
112484428
112484429
112484430
112484431
112484432
112484433
112484434
112484435
112484436
112484437
112484438
112484439
112484440
112484441
112484442
112484443
112484444
112484445
112484446
112484447
112484448
112484449
112484450
112484451
112484452
112484453
112484454
112484455
112484456
112484457
112484458
112484459
112484460
112484461
112484462
112484463
112484464
112484465
112484466
112484467
112484468
112484469
112484470
112484471
112484472
112484473
112484474
112484475
112484476
112484477
