113432902
113432903
113432904
113432905
113432906
113432907
113432908
113432909
113432910
113432911
113432912
113432913
113432914
113432915
113432916
113432917
113432918
113432919
113432920
113432921
113432922
113432923
113432924
113432925
113432926
113432927
113432928
113432929
113432930
113432931
113432932
113432933
113432934
113432935
113432936
113432937
113432938
113432939
113432940
113432941
113432942
113432943
113432944
113432945
113432946
113432947
113432948
113432949
113432950
113432951
113432952
113432953
113432954
113432955
113432956
113432957
113432958
113432959
113432960
113432961
113432962
113432963
113432964
113432965
113432966
113432967
113432968
113432969
113432970
113432971
113432972
113432973
113432974
113432975
113432976
113432977
113432978
113432979
113432980
113432981
113432982
113432983
113432984
113432985
113432986
113432987
113432988
113432989
113432990
113432991
113432992
113432993
113432994
113432995
113432996
113432997
113432998
113432999
113433000
113433001
113433002
113433003
113433004
113433005
113433006
113433007
113433008
113433009
113433010
113433011
113433012
113433013
113433014
113433015
113433016
113433017
113433018
113433019
113433020
113433021
113433022
113433023
113433024
113433025
113433026
113433027
113433028
113433029
113433030
113433031
113433032
113433033
113433034
113433035
113433036
113433037
113433038
113433039
113433040
113433041
113433042
113433043
113433044
113433045
113433046
113433047
113433048
113433049
113433050
113433051
113433052
113433053
113433054
113433055
113433056
113433057
113433058
113433059
113433060
113433061
113433062
113433063
113433064
113433065
113433066
113433067
113433068
113433069
113433070
113433071
113433072
113433073
113433074
113433075
113433077
113433078
113433079
113433080
113433081
113433076
