113029487
113029488
113029558
113029559
113029560
113029561
113029562
113029563
113029500
113029501
113029489
113029490
113029491
113029492
113029493
113029494
113029495
113029496
113029497
113029498
113029499
113029502
113029503
113029504
113029505
113029506
113029507
113029508
113029509
113029510
113029511
113029512
113029513
113029514
113029515
113029516
113029517
113029518
113029519
113029520
113029521
113029522
113029523
113029524
113029525
113029526
113029527
113029528
113029529
113029530
113029531
113029532
113029533
113029534
113029535
113029536
113029537
113029538
113029539
113029540
113029541
113029542
113029543
113029544
113029545
113029546
113029547
113029548
113029549
113029550
113029551
113029552
113029553
113029554
113029555
113029556
113029557
113029564
113029565
113029566
113029567
113029568
113029569
113029570
113029571
113029572
113029573
113029574
113029575
113029576
113029577
113029578
113029579
113029580
113029581
113029582
113029583
113029584
113029585
113029586
113029587
113029588
113029589
113029590
113029591
113029592
113029593
113029594
113029595
113029596
113029597
