113216474
113216475
113216476
113216477
113216478
113216479
113216480
113216481
113216482
113216483
113216484
113216485
113216486
113216487
113216488
113216489
113216490
113216491
113216492
113216493
113216494
113216495
113216496
113216497
113216498
113216499
113216500
113216501
113216502
113216503
113216504
113216505
113216506
113216507
113216508
113216509
113216510
113216511
113216512
113216513
113216514
113216515
113216516
113216517
113216518
113216519
113216520
113216521
113216522
113216523
113216524
113216525
113216526
113216527
113216528
113216529
113216530
113216531
113216532
113216533
113216534
113216535
113216536
113216537
113216538
113216539
113216540
113216541
113216542
113216543
113216544
113216545
113216546
113216547
113216548
113216549
113216550
113216551
113216552
113216553
113216554
113216555
113216556
113216557
113216558
113216559
113216560
113216561
113216562
113216563
113216564
113216565
113216566
113216567
113216568
113216569
113216570
113216571
113216572
113216573
113216574
113216575
113216576
113216577
113216578
113216579
113216580
113216581
113216582
113216583
113216584
113216585
113216586
113216587
113216588
113216589
