113403365
113403372
113403364
113403373
113403370
113403377
113403368
113403367
113403376
113403361
113403371
113403366
113403369
113403363
113403374
113403375
113403362
113403360
113403378
113403385
113403383
113403380
113403384
113403382
113403381
113403387
113403388
113403386
113403379
113403389
113403393
113403402
113403392
113403404
113403391
113403390
113403401
113403408
113403397
113403400
113403405
113403403
113403399
113403406
113403395
113403394
113403407
113403409
113403398
113403396
113403424
113403415
113403413
113403425
113403416
113403426
113403412
113403427
113403414
113403411
113403422
113403423
113403421
113403410
113403431
113403440
113403430
113403433
113403439
113403429
113403435
113403438
113403432
113403437
113403436
113403434
113403454
113403455
113403456
113403463
113403446
113403459
113403450
113403443
113403457
113403442
113403447
113403462
113403461
113403458
113403444
113403448
113403452
113403449
113403453
113403445
113403460
113403451
113403419
113403420
113403417
113403418
113403441
113403428
