113561422
113561423
113561424
113561425
113561426
113561427
113561428
113561429
113561430
113561431
113561432
113561433
113561434
113561435
113561436
113561437
113561438
113561439
113561440
113561441
113561442
113561443
113561444
113561445
113561446
113561447
113561448
113561449
113561450
113561451
113561452
113561453
113561454
113561455
113561456
113561457
113561458
113561459
113561460
113561461
113561462
113561463
113561464
113561465
113561466
113561467
113561468
113561469
113561470
113561471
113561472
113561473
113561474
113561475
113561476
113561477
113561478
113561479
113561480
113561481
113561482
113561483
113561484
113561485
113561486
113561487
113561488
