113560677
113560678
113560679
113560680
113560681
113560718
113560719
113560720
113560721
113560722
113560723
113560724
113560725
113560633
113560634
113560635
113560636
113560637
113560638
113560631
113560632
113560639
113560640
113560641
113560642
113560643
113560644
113560645
113560646
113560647
113560648
113560649
113560650
113560651
113560652
113560653
113560654
113560655
113560656
113560657
113560658
113560659
113560660
113560661
113560662
113560663
113560664
113560665
113560666
113560667
113560668
113560669
113560670
113560671
113560672
113560673
113560674
113560675
113560676
113560682
113560683
113560684
113560685
113560686
113560687
113560688
113560689
113560690
113560691
113560692
113560693
113560694
113560695
113560696
113560697
113560698
113560699
113560700
113560701
113560702
113560703
113560704
113560705
113560706
113560707
113560708
113560709
113560710
113560711
113560712
113560713
113560714
113560715
113560716
113560717
