113651846
113651847
113651848
113651849
113651850
113651851
113651852
113651853
113651854
113651855
113651856
113651857
113651858
113651859
113651860
113651861
113651862
113651863
113651864
113651865
113651866
113651867
113651868
113651869
113651870
113651871
113651872
113651873
113651874
113651875
113651876
113651877
113651878
113651879
113651880
113651881
113651882
113651883
113651884
113651885
113651886
113651887
113651888
113651889
113651890
113651891
113651892
113651893
113651894
113651895
113651896
113651897
113651898
113651899
113651900
113651901
113651902
113651903
113651904
113651905
113651906
113651907
113651908
113651909
113651910
113651911
113651912
113651913
113651914
113651915
113651916
113651917
113651918
113651919
113651920
113651921
113651922
113651923
113651924
113651925
113651926
113651927
113651928
113651929
113651930
113651931
113651932
113651933
113651934
113651935
113651936
113651937
113651938
113651939
113651940
113651941
113651942
113651943
113651944
113651945
113651946
113651947
113651948
113651949
113651950
113651951
113651952
113651953
113651954
113651955
113651956
113651957
113651958
113651959
113651960
113651961
113651962
113651963
113651964
113651965
113651966
113651967
113651968
113651969
113651970
113651971
113651972
113651973
113651974
113651975
113651976
113651977
113651978
113651979
113651980
113651981
113651982
113651983
113651984
113651985
