114518212
114518213
114518214
114518215
114518216
114518217
114518218
114518219
114518220
114518221
114518222
114518223
114518224
114518225
114518226
114518227
114518228
114518229
114518230
114518231
114518232
114518233
114518234
114518235
114518236
114518237
114518238
114518239
114518240
114518241
114518242
114518243
114518244
114518245
114518246
114518247
114518248
114518249
114518250
114518251
114518252
114518253
114518254
114518255
114518256
114518257
114518258
114518259
114518260
114518261
114518262
114518263
114518264
114518265
114518266
114518267
114518268
114518269
114518270
114518271
114518272
114518273
114518274
114518275
114518276
114518277
114518278
114518279
114518280
114518281
114518282
114518283
114518284
114518285
114518286
114518287
114518288
114518289
114518290
114518291
114518292
114518293
114518294
114518295
114518296
114518297
114518298
114518299
114518300
114518301
114518302
114518303
114518304
114518305
114518306
114518307
114518308
114518309
114518310
114518311
114518312
114518313
114518314
114518315
114518316
114518317
114518318
