114802825
114802826
114802827
114802837
114802838
114802839
114802842
114802843
114802844
114802855
114802856
114802857
114802858
114802859
114802860
114802861
114802862
114802863
114802864
114802865
114802828
114802829
114802830
114802831
114802832
114802833
114802834
114802835
114802836
114802840
114802841
114802845
114802846
114802847
114802848
114802849
114802850
114802851
114802852
114802853
114802854
114802866
114802867
114802868
114802869
114802870
114802871
114802872
114802873
114802874
114802875
114802876
114802877
114802878
114802879
114802880
114802881
114802882
114802883
114802884
114802885
114802886
114802887
114802888
