114520233
114520234
114520235
114520236
114520237
114520232
114520238
114520239
114520240
114520241
114520242
114520243
114520244
114520245
114520246
114520247
114520248
114520249
114520250
114520251
114520252
114520253
114520254
114520255
114520256
114520257
114520258
114520259
114520260
114520261
114520262
114520263
114520264
114520265
114520266
114520267
114520268
114520269
114520270
114520271
114520272
114520273
114520274
114520275
114520276
114520277
114520278
114520279
114520280
114520281
114520282
114520283
114520284
114520285
114520286
114520287
114520288
114520289
114520290
114520291
114520292
114520293
114520294
114520295
114520296
114520297
114520298
114520299
114520300
114520301
114520302
114520303
114520304
114520305
114520306
114520307
114520308
114520309
114520310
114520311
114520312
114520313
114520314
114520315
114520316
114520317
114520318
114520319
114520320
114520321
114520322
114520323
114520324
114520325
114520326
114520327
114520328
114520329
114520330
114520331
114520332
114520333
114520334
114520335
114520336
114520337
114520338
114520339
114520340
114520341
114520342
114520343
114520344
114520345
114520346
114520347
114520348
114520349
114520350
114520351
114520352
114520353
114520354
