114518379
114518380
114518381
114518386
114518387
114518388
114518389
114518422
114518382
114518383
114518384
114518385
114518390
114518391
114518392
114518393
114518394
114518395
114518396
114518397
114518398
114518399
114518400
114518401
114518402
114518403
114518404
114518405
114518406
114518407
114518408
114518409
114518410
114518411
114518412
114518413
114518414
114518415
114518416
114518417
114518418
114518419
114518420
114518421
114518423
114518424
114518425
114518426
114518427
114518428
114518429
114518430
114518431
114518432
114518433
114518434
114518435
114518436
114518437
114518438
114518439
114518440
114518441
114518442
114518443
114518444
114518445
114518446
114518447
114518448
114518449
114518450
114518451
114518452
114518453
114518454
114518455
114518456
114518457
114518458
114518459
