114702858
114702859
114702860
114702861
114702862
114702863
114702864
114702865
114702866
114702867
114702868
114702869
114702870
114702871
114702872
114702873
114702874
114702875
114702876
114702877
114702878
114702879
114702880
114702881
114702882
114702883
114702884
114702885
114702886
114702887
114702888
114702889
114702890
114702891
114702892
114702893
114702894
114702895
114702896
114702897
114702898
114702899
114702900
114702901
114702902
114702903
114702904
114702905
114702906
114702907
114702908
114702909
114702910
114702911
114702912
114702913
114702914
114702915
114702916
114702917
114702918
114702919
114702920
114702921
114702922
114702923
114702924
114702925
114702926
114702927
114702928
114702929
114702930
114702931
114702932
114702933
114702934
114702935
114702936
114702937
114702938
114702939
114702940
114702941
114702942
114702943
114702944
114702945
114702946
114702947
114702948
114702949
114702950
