115252280
115252281
115252282
115252283
115252284
115252285
115252286
115252287
115252288
115252289
115252290
115252291
115252292
115252293
115252294
115252295
115252296
115252297
115252298
115252299
115252300
115252301
115252302
115252303
115252304
115252305
115252306
115252307
115252308
115252309
115252310
115252311
115252312
115252313
115252314
115252315
115252316
115252317
115252318
115252319
115252320
115252321
115252322
115252323
115252324
115252325
115252326
115252327
115252328
115252329
115252330
115252331
115252332
115252333
115252334
115252335
115252336
115252337
115252338
115252339
115252340
115252341
115252342
115252343
115252344
115252345
115252346
115252347
115252348
115252349
115252350
115252351
115252352
115252353
115252354
115252355
115252356
115252357
115252358
115252359
115252360
115252361
115252362
115252363
115252364
115252365
115252366
