115350790
115350791
115350792
115350793
115350794
115350795
115350796
115350797
115350798
115350799
115350800
115350801
115350802
115350803
115350804
115350805
115350806
115350807
115350808
115350809
115350810
115350811
115350812
115350813
115350814
115350815
115350816
115350817
115350818
115350819
115350820
115350821
115350822
115350823
115350824
115350825
115350826
115350827
115350828
115350829
115350830
115350831
115350832
115350833
115350834
115350835
115350836
115350837
115350838
115350839
115350840
115350841
115350842
115350843
115350844
115350845
115350846
115350847
115350848
115350849
115350850
115350851
115350852
115350853
115350854
115350855
115350856
115350857
115350858
115350859
115350860
115350861
115350862
115350863
115350864
115350865
115350866
115350867
115350868
115350869
115350870
115350871
115350872
115350873
115350874
115350875
115350876
115350877
115350878
115350879
115350880
115350881
115350882
115350883
115350884
115350885
115350886
115350887
115350888
115350889
115350890
115350891
115350892
115350893
115350894
115350895
115350896
115350897
115350898
115350899
115350900
115350901
115350902
115350903
115350904
