115438904
115438917
115438945
115438954
115438888
115438889
115438890
115438891
115438892
115438893
115438894
115438895
115438896
115438897
115438898
115438899
115438900
115438901
115438902
115438903
115438905
115438906
115438907
115438908
115438909
115438910
115438911
115438912
115438913
115438914
115438915
115438916
115438918
115438919
115438920
115438921
115438922
115438923
115438924
115438925
115438926
115438927
115438928
115438929
115438930
115438931
115438932
115438933
115438934
115438935
115438936
115438937
115438938
115438939
115438940
115438941
115438942
115438943
115438944
115438946
115438947
115438948
115438949
115438950
115438951
115438952
115438953
115438955
