115351133
115351134
115351135
115351136
115351137
115351138
115351139
115351140
115351141
115351142
115351143
115351144
115351145
115351146
115351147
115351148
115351149
115351150
115351151
115351152
115351153
115351154
115351155
115351156
115351157
115351158
115351159
115351160
115351161
115351162
115351163
115351164
115351165
115351166
115351167
115351168
115351169
115351170
115351171
115351172
115351173
115351174
115351175
115351176
115351177
115351178
115351179
115351180
115351181
115351182
115351183
115351184
115351185
115351186
115351187
115351188
115351189
115351190
115351191
115351192
115351193
115351194
115351195
115351196
115351197
115351198
115351199
115351200
115351201
115351202
115351203
115351204
115351205
115351206
115351207
115351208
115351209
115351210
115351211
115351212
115351213
115351214
115351215
115351216
115351217
115351218
115351219
115351220
115351221
115351222
115351223
115351224
115351225
115351226
115351227
115351228
115351229
115351230
115351231
115351232
115351233
115351234
115351235
115351236
115351237
115351238
115351239
115351240
115351241
115351242
115351243
115351244
115351245
115351246
115351247
115351248
115351249
115351250
115351251
115351252
115351253
115351254
115351255
115351256
115351257
115351258
115351259
115351260
115351261
115351262
115351263
115351264
115351265
115351266
