116039458
116039447
116039460
116039459
116039445
116039446
116039448
116039443
116039457
116039455
116039450
116039453
116039451
116039454
116039452
116039449
116039456
116039444
116039461
116039475
116039468
116039473
116039478
116039465
116039466
116039467
116039470
116039469
116039474
116039479
116039471
116039476
116039472
116039484
116039483
116039489
116039482
116039486
116039493
116039494
116039491
116039485
116039487
116039490
116039488
116039495
116039481
116039492
116039480
116039463
116039477
116039464
116039462
