116133795
116133816
116133825
116133804
116133820
116133810
116133819
116133798
116133796
116133812
116133815
116133706
116133708
116133707
116133705
116133711
116133712
116133704
116133710
116133709
116133714
116133719
116133715
116133726
116133720
116133717
116133724
116133716
116133722
116133725
116133713
116133718
116133723
116133721
116133727
116133736
116133734
116133733
116133729
116133731
116133728
116133735
116133730
116133732
116133739
116133752
116133747
116133745
116133750
116133753
116133738
116133757
116133741
116133754
116133755
116133749
116133742
116133740
116133748
116133743
116133746
116133744
116133751
116133737
116133756
116133758
116133769
116133761
116133762
116133770
116133767
116133764
116133772
116133763
116133766
116133760
116133768
116133759
116133765
116133771
116133773
116133776
116133774
116133775
116133784
116133789
116133778
116133777
116133788
116133785
116133787
116133791
116133782
116133786
116133781
116133783
116133790
116133780
116133779
116133797
116133806
116133803
116133799
116133801
116133792
116133793
116133805
116133807
116133794
116133800
116133802
116133808
116133814
116133809
116133822
116133818
116133813
116133811
116133824
116133817
116133821
116133823
