116130300
116130291
116130305
116130293
116130304
116130297
116130302
116130295
116130301
116130306
116130292
116130299
116130296
116130303
116130294
116130298
116130327
116130312
116130333
116130319
116130313
116130332
116130331
116130314
116130308
116130326
116130330
116130316
116130324
116130317
116130315
116130320
116130309
116130334
116130322
116130311
116130307
116130325
116130337
116130342
116130339
116130343
116130340
116130341
116130338
116130345
116130348
116130347
116130346
116130349
116130350
116130356
116130363
116130364
116130357
116130366
116130365
116130355
116130362
116130351
116130354
116130358
116130371
116130370
116130374
116130372
116130373
116130376
116130391
116130378
116130389
116130387
116130384
116130379
116130386
116130377
116130392
116130393
116130388
116130375
116130369
116130361
116130344
116130382
116130353
116130385
116130321
116130383
116130310
116130359
116130368
116130336
116130367
116130380
116130318
116130352
116130335
116130328
116130360
116130381
116130323
116130390
116130329
