116316431
116316430
116316437
116316444
116316438
116316435
116316436
116316441
116316439
116316443
116316440
116316442
116316445
116316449
116316448
116316453
116316457
116316460
116316462
116316455
116316458
116316476
116316472
116316471
116316474
116316480
116316475
116316467
116316486
116316470
116316469
116316479
116316465
116316490
116316466
116316489
116316473
116316468
116316483
116316478
116316496
116316502
116316495
116316498
116316492
116316504
116316493
116316494
116316501
116316500
116316505
116316509
116316508
116316513
116316510
116316514
116316520
116316518
116316519
116316524
116316477
116316454
116316447
116316506
116316464
116316487
116316515
116316521
116316432
116316507
116316459
116316488
116316463
116316446
116316516
116316434
116316429
116316484
116316499
116316512
116316461
116316497
116316517
116316485
116316450
116316503
116316491
116316456
116316523
116316451
116316481
116316452
116316482
116316522
116316511
116316433
