116040165
116040242
116040243
116040244
116040178
116040179
116040180
116040181
116040182
116040183
116040184
116040185
116040186
116040166
116040167
116040168
116040169
116040170
116040171
116040172
116040173
116040174
116040175
116040176
116040177
116040187
116040188
116040189
116040190
116040191
116040192
116040193
116040194
116040195
116040196
116040197
116040198
116040199
116040200
116040201
116040202
116040203
116040204
116040205
116040206
116040207
116040208
116040209
116040210
116040211
116040212
116040213
116040214
116040215
116040216
116040217
116040218
116040219
116040220
116040221
116040222
116040223
116040224
116040225
116040226
116040227
116040228
116040229
116040230
116040231
116040232
116040233
116040234
116040235
116040236
116040237
116040238
116040239
116040240
116040241
116040245
116040246
116040247
116040248
116040249
116040250
116040251
116040252
116040253
116040254
116040255
116040256
116040257
116040258
116040259
116040260
116040261
116040262
116040263
116040264
116040265
116040266
116040267
116040268
116040269
116040270
116040271
116040272
116040273
116040274
116040275
116040276
116040277
116040278
116040279
116040280
116040281
116040282
116040283
116040284
116040285
116040286
116040287
