116037240
116037241
116037242
116037243
116037244
116037245
116037246
116037247
116037248
116037249
116037250
116037251
116037252
116037253
116037254
116037255
116037256
116037257
116037258
116037259
116037260
116037261
116037262
116037263
116037264
116037265
116037266
116037267
116037268
116037269
116037270
116037271
116037272
116037273
116037274
116037275
116037276
116037277
116037278
116037279
116037280
116037281
116037282
116037283
116037284
116037285
116037286
116037287
116037288
116037289
116037290
116037291
116037292
116037293
116037294
116037295
116037296
116037297
116037298
116037299
116037300
116037301
116037302
116037303
116037304
116037305
116037306
116037307
116037308
116037309
116037310
116037311
116037312
116037313
116037314
116037315
116037316
116037317
116037318
116037319
116037320
116037321
116037322
