116965568
116965552
116965541
116965562
116965566
116965571
116965585
116965580
116965567
116965596
116965558
116965549
116965554
116965545
116965589
116965540
116965606
116965553
116965576
116965605
116965617
116965627
116965557
116965628
116965607
116965556
116965542
116965626
116965551
116965573
116965574
116965592
116965543
116965539
116965544
116965538
116965550
116965561
116965546
116965547
116965560
116965564
116965559
116965555
116965565
116965548
116965563
116965575
116965572
116965569
116965570
116965599
116965586
116965588
116965597
116965593
116965579
116965578
116965587
116965598
116965583
116965590
116965595
116965577
116965582
116965594
116965591
116965581
116965584
116965618
116965616
116965613
116965600
116965621
116965624
116965609
116965622
116965603
116965610
116965623
116965611
116965602
116965614
116965619
116965608
116965615
116965625
116965604
116965601
116965612
116965620
116965632
116965637
116965641
116965638
116965639
116965634
116965631
116965630
116965635
116965642
116965629
116965636
116965643
116965640
116965633
116965647
116965649
116965644
116965652
116965648
116965651
116965646
116965650
116965653
116965645
116965660
116965654
116965659
116965655
116965656
116965661
116965657
116965658
