117101049
117101053
117101054
117101048
117101045
117101055
117101046
117101050
117101084
117101072
117101080
117101069
117101075
117101061
117101071
117101078
117101083
117101068
117101081
117101085
117101073
117101089
117101077
117101088
117101076
117101059
117101064
117101092
117101122
117101104
117101097
117101111
117101118
117101106
117101115
117101096
117101105
117101124
117101116
117101100
117101112
117101126
117101127
117101101
117101113
117101109
117101120
117101131
117101130
117101129
117101132
117101128
117101114
117101079
117101070
117101087
117101110
117101060
117101082
117101119
117101074
117101066
117101103
117101091
117101098
117101117
117101047
117101125
117101086
117101063
117101095
117101056
117101058
117101065
117101093
117101094
117101051
117101108
117101062
117101107
117101052
117101121
117101090
117101057
117101102
117101067
117101123
117101099
