117621633
117621621
117621630
117621615
117621622
117621629
117621625
117621619
117621632
117621634
117621638
117621639
117621642
117621649
117621648
117621654
117621653
117621657
117621661
117621667
117621663
117621670
117621658
117621637
117621626
117621627
117621636
117621655
117621620
117621631
117621643
117621665
117621664
117621617
117621646
117621616
117621659
117621647
117621651
117621668
117621623
117621640
117621628
117621635
117621656
117621650
117621641
117621662
117621666
117621669
117621645
117621618
117621644
117621624
117621652
117621660
