117760395
117760405
117760409
117760407
117760387
117760399
117760386
117760402
117760394
117760385
117760404
117760392
117760398
117760390
117760403
117760406
117760408
117760412
117760411
117760414
117760417
117760410
117760415
117760416
117760413
117760420
117760422
117760425
117760421
117760427
117760426
117760418
117760435
117760432
117760429
117760436
117760428
117760440
117760439
117760438
117760443
117760451
117760453
117760450
117760442
117760448
117760444
117760445
117760437
117760459
117760456
117760460
117760458
117760455
117760457
117760462
117760463
117760464
117760465
117760466
117760471
117760473
117760478
117760477
117760472
117760470
117760468
117760469
117760476
117760467
117760475
117760474
117760480
117760483
117760481
117760484
117760482
117760479
117760487
117760488
117760489
117760419
117760396
117760441
117760452
117760431
117760400
117760485
117760388
117760424
117760486
117760449
117760393
117760446
117760401
117760434
117760397
117760430
117760389
117760423
117760454
117760433
117760447
117760391
117760461
