117399569
117399613
117399615
117399568
117399570
117399571
117399572
117399573
117399574
117399576
117399577
117399578
117399579
117399580
117399581
117399582
117399583
117399584
117399585
117399586
117399587
117399588
117399589
117399590
117399591
117399592
117399593
117399594
117399596
117399597
117399598
117399599
117399600
117399602
117399603
117399604
117399605
117399606
117399608
117399609
117399610
117399611
117399612
117399616
117399617
117399618
117399619
117399620
117399621
117399622
117399623
117399624
117399625
117399626
117399627
117399628
117399629
117399630
117399631
117399632
117399633
117399634
117399635
117399636
117399637
117399638
117399639
117399640
117399641
117399642
117399643
117399644
117399645
117399646
117399647
117399648
117399649
117399650
117399651
117399652
117399653
117399654
117399656
117399657
117399658
117399659
117399660
117399661
117399662
117399663
117399664
117399665
117399666
117399667
117399668
117399669
117399670
117399672
117399673
117399674
117399675
117399676
117399677
117399678
117399679
117399575
117399595
117399601
117399607
117399614
117399655
117399671
