117490431
117490432
117490433
117490434
117490435
117490436
117490437
117490438
117490439
117490440
117490441
117490442
117490443
117490444
117490445
117490446
117490447
117490448
117490449
117490450
117490451
117490452
117490453
117490454
117490455
117490456
117490457
117490458
117490459
117490460
117490461
117490462
117490463
117490464
117490465
117490466
117490467
117490468
117490469
117490470
117490471
117490472
117490473
117490474
117490475
117490476
117490477
117490478
117490479
117490480
117490481
117490482
117490483
117490484
117490485
117490486
