117705701
117705698
117705700
117705699
117705707
117705705
117705706
117705718
117705716
117705717
117705710
117705725
117705729
117705726
117705720
117705728
117705740
117705735
117705737
117705741
117705732
117705736
117705733
117705746
117705748
117705747
117705749
117705709
117705721
117705742
117705723
117705744
117705703
117705714
117705702
117705734
117705715
117705724
117705745
117705727
117705739
117705708
117705713
117705750
117705704
117705738
117705719
117705722
117705743
117705731
117705730
117705712
117705711
