117399328
117399315
117399327
117399316
117399325
117399320
117399329
117399326
117399323
117399321
117399322
117399333
117399332
117399331
117399337
117399338
117399340
117399339
117399343
117399345
117399346
117399342
117399344
117399350
117399351
117399356
117399358
117399359
117399365
117399364
117399376
117399368
117399369
117399377
117399379
117399382
117399381
117399386
117399393
117399391
117399392
117399399
117399398
117399403
117399404
117399413
117399408
117399410
117399414
117399411
117399409
117399412
117399415
117399418
117399421
117399422
117399420
117399423
117399425
117399426
117399427
117399429
117399428
117399430
117399434
117399370
117399378
117399407
117399363
117399357
117399432
117399385
117399400
117399436
117399354
117399349
117399375
117399367
117399383
117399390
117399371
117399395
117399431
117399352
117399353
117399336
117399374
117399366
117399362
117399402
117399438
117399372
117399341
117399406
117399318
117399324
117399396
117399416
117399435
117399319
117399347
117399360
117399361
117399388
117399417
117399373
117399389
117399397
117399437
117399401
117399335
117399433
117399405
117399330
117399424
117399419
117399384
117399380
117399317
117399348
117399387
117399355
117399394
117399334
