118351958
118351955
118351959
118351951
118351978
118351964
118351979
118351982
118351972
118351968
118351974
118351960
118351961
118351965
118351966
118351967
118352019
118351985
118352007
118352015
118351996
118352028
118351993
118352014
118352024
118352003
118352031
118352001
118351984
118352012
118352022
118352032
118352033
118352010
118351986
118351987
118352020
118351999
118352037
118352040
118352041
118352050
118352034
118352043
118352048
118352035
118352051
118352053
118352056
118352052
118352060
118352059
118352058
118352067
118352066
118352070
118352063
118352073
118352072
118352074
118352042
118351995
118352055
118351953
118351963
118351994
118352054
118352026
118352027
118351981
118351998
118351980
118352068
118351957
118352029
118352013
118352017
118352005
118352071
118351988
118352000
118352036
118352061
118352047
118351975
118351952
118352009
118352046
118351990
118351962
118352057
118351956
118352069
118351991
118352004
118352002
118352021
118352023
118351973
118352045
118351971
118351977
118352065
118352038
118352018
118352011
118351989
118352025
118352030
118352049
118351997
118352044
118351969
118351954
118351992
118352006
118351983
118351976
118352062
118352064
118352008
118352016
118351970
118352039
