118447802
118447869
118447832
118447806
118447868
118447833
118447837
118447781
118447870
118447838
118447874
118447783
118447844
118447840
118447850
118447782
118447805
118447801
118447865
118447803
118447851
118447853
118447786
118447849
118447856
118447799
118447757
118447758
118447759
118447760
118447768
118447769
118447762
118447764
118447765
118447761
118447770
118447763
118447767
118447766
118447774
118447776
118447778
118447773
118447777
118447771
118447772
118447775
118447779
118447780
118447787
118447789
118447798
118447796
118447792
118447788
118447797
118447790
118447795
118447800
118447785
118447793
118447794
118447791
118447784
118447807
118447804
118447808
118447811
118447809
118447816
118447814
118447820
118447819
118447813
118447815
118447812
118447818
118447817
118447810
118447821
118447825
118447822
118447823
118447827
118447828
118447826
118447824
118447836
118447831
118447834
118447830
118447835
118447829
118447841
118447839
118447846
118447847
118447845
118447843
118447842
118447864
118447852
118447848
118447857
118447862
118447859
118447858
118447860
118447863
118447854
118447855
118447861
118447866
118447871
118447873
118447867
118447872
