118351597
118351598
118351599
118351600
118351601
118351602
118351603
118351604
118351605
118351606
118351607
118351608
118351609
118351610
118351611
118351612
118351613
118351614
118351615
118351616
118351617
118351618
118351619
118351620
118351621
118351622
118351623
118351624
118351625
118351626
118351627
118351628
118351629
118351630
118351631
118351632
118351633
118351634
118351635
118351636
118351637
118351638
118351639
118351640
118351641
118351642
118351643
118351644
118351645
118351646
118351647
118351648
118351649
118351650
118351651
118351652
118351653
118351654
118351655
118351656
118351657
118351658
118351659
118351660
118351661
118351662
118351663
118351664
118351665
118351666
118351667
118351668
118351669
118351670
118351671
118351672
118351673
118351674
118351675
118351676
118351677
118351678
118351679
118351680
118351681
118351682
118351683
118351684
118351685
118351686
118351687
118351688
118351689
118351690
118351691
118351692
118351693
118351694
118351695
118351696
118351697
118351698
118351699
118351700
118351701
118351702
118351703
118351704
118351705
118351706
118351707
118351708
118351709
118351710
118351711
118351712
118351713
118351714
118351715
118351716
