119013538
119013519
119013453
119013448
119013479
119013530
119013526
119013507
119013503
119013521
119013484
119013536
119013482
119013493
119013443
119013438
119013483
119013457
119013504
119013490
119013452
119013541
119013450
119013533
119013502
119013534
119013437
119013524
119013458
119013477
119013439
119013456
119013462
119013494
119013433
119013432
119013435
119013434
119013431
119013436
119013442
119013444
119013441
119013440
119013451
119013445
119013449
119013446
119013447
119013460
119013463
119013461
119013454
119013455
119013459
119013465
119013489
119013486
119013467
119013475
119013488
119013481
119013474
119013496
119013491
119013472
119013464
119013471
119013478
119013466
119013492
119013485
119013469
119013473
119013476
119013468
119013487
119013470
119013495
119013480
119013500
119013501
119013497
119013499
119013498
119013510
119013509
119013506
119013505
119013508
119013513
119013516
119013517
119013511
119013518
119013515
119013514
119013512
119013531
119013527
119013540
119013537
119013520
119013535
119013525
119013539
119013523
119013529
119013528
119013532
119013522
119013542
119013545
119013543
119013544
