118885194
118885193
118885188
118885198
118885199
118885210
118885202
118885206
118885201
118885205
118885207
118885217
118885216
118885214
118885218
118885228
118885237
118885238
118885240
118885235
118885243
118885222
118885234
118885236
118885229
118885223
118885242
118885232
118885230
118885249
118885261
118885256
118885259
118885246
118885268
118885254
118885274
118885278
118885255
118885262
118885260
118885257
118885248
118885280
118885275
118885253
118885266
118885264
118885279
118885251
118885284
118885281
118885287
118885290
118885288
118885291
118885211
118885247
118885226
118885270
118885285
118885258
118885239
118885276
118885283
118885241
118885220
118885269
118885208
118885192
118885200
118885271
118885252
118885196
118885227
118885189
118885233
118885265
118885204
118885282
118885221
118885209
118885277
118885289
118885263
118885190
118885215
118885250
118885213
118885267
118885245
118885272
118885231
118885225
118885224
118885219
118885286
118885244
118885273
118885212
118885191
118885203
118885195
118885197
