119251906
119251898
119251899
119251901
119251902
119251903
119251904
119251905
119251907
119251908
119251909
119251910
119251911
119251913
119251914
119251915
119251916
119251917
119251918
119251919
119251920
119251921
119251922
119251923
119251925
119251926
119251927
119251928
119251929
119251930
119251931
119251932
119251933
119251934
119251935
119251936
119251939
119251940
119251941
119251943
119251944
119251945
119251946
119251947
119251948
119251949
119251950
119251951
119251952
119251953
119251954
119251955
119251956
119251957
119251958
119251959
119251960
119251961
119251897
119251900
119251912
119251924
119251937
119251938
119251942
