119011852
119011849
119011846
119011853
119011841
119011843
119011847
119011844
119011840
119011837
119011855
119011848
119011850
119011842
119011839
119011851
119011868
119011856
119011864
119011867
119011878
119011865
119011861
119011872
119011860
119011900
119011898
119011889
119011914
119011917
119011905
119011897
119011879
119011901
119011915
119011882
119011903
119011888
119011890
119011880
119011902
119011893
119011886
119011910
119011922
119011919
119011923
119011926
119011925
119011924
119011927
119011920
119011928
119011921
119011931
119011933
119011930
119011929
119011932
119011859
119011894
119011885
119011909
119011912
119011862
119011887
119011908
119011891
119011858
119011896
119011883
119011870
119011881
119011875
119011904
119011871
119011874
119011892
119011845
119011876
119011857
119011907
119011918
119011854
119011873
119011906
119011916
119011911
119011913
119011838
119011866
119011863
119011869
119011895
119011899
119011884
119011877
