118986221
118986082
118986220
118986248
118986183
118986160
118986166
118986240
118986085
118986244
118986173
118986176
118986230
118986164
118986122
118986218
118986171
118986235
118986120
118986225
118986149
118986226
118986167
118986237
118986243
118986182
118986232
118986142
118986170
118986134
118986163
118986168
118986146
118986219
118986151
118986238
118986123
118986174
118986078
118986079
118986080
118986084
118986081
118986086
118986104
118986141
118986128
118986135
118986145
118986147
118986152
118986140
118986143
118986126
118986129
118986119
118986150
118986121
118986148
118986139
118986130
118986118
118986127
118986131
118986138
118986144
118986158
118986179
118986181
118986159
118986172
118986177
118986165
118986205
118986212
118986201
118986209
118986197
118986210
118986222
118986231
118986223
118986234
118986228
118986242
118986236
118986247
118986246
118986241
118986083
118986088
118986092
118986095
118986094
118986099
118986100
118986102
118986096
118986103
118986093
118986097
118986098
118986101
118986124
118986125
118986136
118986137
118986133
118986132
118986175
118986162
118986161
118986178
118986169
118986180
118986185
118986188
118986187
118986191
118986195
118986186
118986190
118986198
118986199
118986216
118986215
118986211
118986202
118986208
118986214
118986203
118986217
118986200
118986204
118986213
118986207
118986196
118986206
118986229
118986227
118986224
118986233
118986239
118986245
118986087
118986089
118986091
118986090
118986109
118986108
118986105
118986107
118986110
118986106
118986113
118986117
118986112
118986111
118986115
118986114
118986116
118986156
118986157
118986154
118986155
118986153
118986184
118986193
118986192
118986189
118986194
118986249
118986251
118986250
