119902507
119902508
119902535
119902536
119902537
119902538
119902539
119902540
119902541
119902496
119902497
119902498
119902499
119902500
119902501
119902502
119902503
119902504
119902505
119902506
119902509
119902510
119902511
119902512
119902513
119902514
119902515
119902516
119902517
119902518
119902519
119902520
119902521
119902522
119902523
119902524
119902525
119902526
119902527
119902528
119902529
119902530
119902531
119902532
119902533
119902534
119902542
119902543
119902544
119902545
119902546
119902547
119902548
119902549
119902550
119902551
119902552
