120463033
120463026
120463012
120463047
120463037
120463022
120463029
120463020
120463025
120463043
120463017
120463053
120463035
120463021
120463030
120463014
120463028
120463049
120463019
120463044
120463013
120463046
120463027
120463015
120463032
120463041
120463048
120463039
120463050
120463024
120463036
120463023
120463034
120463040
120463054
120463063
120463057
120463064
120463061
120463059
120463056
120463062
120463058
120463060
120463038
120463051
120463055
120463045
120463018
120463031
120463016
120463042
120463052
