119628733
119628727
119628729
119628706
119628689
119628740
119628715
119628681
119628728
119628742
119628716
119628690
119628676
119628737
119628730
119628694
119628708
119628675
119628721
119628678
119628697
119628671
119628691
119628670
119628679
119628698
119628726
119628629
119628630
119628632
119628631
119628633
119628634
119628637
119628647
119628639
119628636
119628635
119628646
119628645
119628643
119628640
119628641
119628642
119628644
119628648
119628638
119628655
119628654
119628653
119628657
119628659
119628650
119628649
119628652
119628658
119628651
119628656
119628666
119628668
119628667
119628664
119628662
119628660
119628661
119628663
119628665
119628687
119628695
119628674
119628686
119628685
119628683
119628672
119628699
119628693
119628677
119628696
119628673
119628688
119628669
119628680
119628692
119628682
119628684
119628700
119628702
119628704
119628703
119628701
119628705
119628714
119628712
119628741
119628723
119628725
119628718
119628735
119628732
119628711
119628707
119628739
119628736
119628731
119628738
119628720
119628713
119628719
119628709
119628710
119628734
119628724
119628722
119628717
