120752273
120752303
120752285
120752292
120752270
120752300
120752309
120752277
120752232
120752224
120752252
120752279
120752290
120752237
120752245
120752307
120752265
120752233
120752296
120752223
120752222
120752248
120752240
120752261
120752229
120752236
120752264
120752250
120752259
120752231
120752239
120752260
120752228
120752225
120752249
120752253
120752256
120752244
120752247
120752257
120752226
120752262
120752263
120752242
120752246
120752234
120752241
120752227
120752251
120752254
120752238
120752258
120752266
120752235
120752243
120752286
120752295
120752282
120752299
120752269
120752278
120752287
120752310
120752291
120752306
120752302
120752272
120752305
120752289
120752275
120752280
120752283
120752304
120752297
120752294
120752298
120752268
120752288
120752274
120752308
120752293
120752276
120752284
120752281
120752271
120752301
120752311
120752318
120752314
120752320
120752319
120752315
120752312
120752317
120752316
120752313
120752230
120752255
120752267
