120361497
120361496
120361498
120361499
120361495
120361500
120361504
120361505
120361501
120361502
120361503
120361511
120361508
120361510
120361509
120361507
120361512
120361513
120361522
120361519
120361526
120361523
120361524
120361527
120361518
120361525
120361521
120361517
120361528
120361520
120361529
120361516
120361515
120361530
120361563
120361550
120361554
120361577
120361548
120361556
120361569
120361541
120361581
120361578
120361560
120361566
120361537
120361574
120361555
120361542
120361576
120361568
120361572
120361544
120361553
120361565
120361584
120361532
120361573
120361536
120361580
120361585
120361549
120361564
120361567
120361579
120361586
120361558
120361595
120361594
120361588
120361590
120361587
120361589
120361593
120361592
120361591
120361534
120361582
120361547
120361562
120361538
120361571
120361583
120361535
120361575
120361539
120361551
120361543
120361546
120361570
120361531
120361559
120361514
120361540
120361557
120361552
120361561
120361545
120361506
120361533
