120938005
120938060
120938018
120938079
120938074
120937998
120937983
120938035
120938053
120938012
120938025
120938048
120937992
120938034
120938004
120938009
120938082
120938061
120938078
120938044
120937987
120937981
120938051
120937994
120938064
120938077
120938083
120937988
120938001
120937975
120938065
120937974
120938056
120938068
120937985
120938010
120938038
120938032
120938043
120938071
120938073
120938046
120938084
120938008
120938037
120937982
120938017
120938015
120938049
120937995
120937996
120938054
120938050
120938007
120938026
120937979
120938021
120937984
120937973
120937999
120937976
120938000
120937989
120937986
120937990
120937977
120937978
120937993
120938002
120937980
120937991
120937997
120938014
120938019
120938013
120938016
120938023
120938024
120938003
120938022
120938020
120938006
120938011
120938029
120938031
120938027
120938045
120938030
120938033
120938028
120938036
120938047
120938066
120938057
120938058
120938067
120938055
120938062
120938063
120938052
120938069
120938070
120938059
120938085
120938072
120938086
120938075
120938076
120938081
120938080
120938039
120938040
120938041
120938042
