121114397
121114418
121114440
121114446
121114444
121114433
121114408
121114407
121114398
121114434
121114410
121114426
121114423
121114411
121114399
121114427
121114395
121114441
121114448
121114428
121114392
121114435
121114447
121114432
121114401
121114396
121114437
121114442
121114412
121114439
121114406
121114409
121114404
121114393
121114402
121114400
121114394
121114403
121114405
121114416
121114425
121114414
121114413
121114420
121114417
121114424
121114421
121114422
121114419
121114415
121114430
121114429
121114431
121114436
121114438
121114443
121114445
