120996581
120996582
120996584
120996593
120996588
120996589
120996596
120996594
120996587
120996590
120996591
120996595
120996585
120996592
120996604
120996612
120996609
120996598
120996613
120996608
120996600
120996614
120996602
120996621
120996630
120996628
120996622
120996623
120996627
120996626
120996620
120996624
120996616
120996625
120996632
120996635
120996634
120996642
120996647
120996646
120996643
120996644
120996645
120996649
120996651
120996654
120996656
120996653
120996661
120996659
120996658
120996665
120996663
120996666
120996668
120996670
120996671
120996669
120996677
120996672
120996678
120996680
120996679
120996674
120996675
120996676
120996673
120996681
120996687
120996696
120996684
120996697
120996685
120996692
120996683
120996686
120996691
120996698
120996701
120996699
120996690
120996618
120996641
120996606
120996657
120996629
120996662
120996660
120996638
120996667
120996611
120996639
120996648
120996682
120996695
120996603
120996605
120996689
120996617
120996619
120996694
120996631
120996580
120996650
120996637
120996652
120996640
120996655
120996636
120996586
120996693
120996688
120996583
120996633
120996700
120996601
120996599
120996664
120996607
120996615
120996610
120996597
