121032800
121032801
121032802
121032803
121032763
121032765
121032761
121032762
121032764
121032766
121032767
121032768
121032769
121032770
121032771
121032772
121032773
121032774
121032775
121032776
121032777
121032778
121032779
121032780
121032781
121032782
121032783
121032784
121032785
121032786
121032787
121032788
121032789
121032790
121032791
121032792
121032793
121032794
121032795
121032796
121032797
121032798
121032799
121032804
121032805
121032806
121032807
121032808
121032809
121032810
121032811
121032812
121032813
121032814
121032815
121032816
121032817
121032818
121032819
121032820
121032821
121032822
121032823
121032824
121032825
121032826
121032827
121032828
121032829
121032830
121032831
121032832
121032833
121032834
121032835
121032836
121032837
121032838
121032839
121032840
121032841
121032842
121032843
121032844
121032845
121032846
121032847
121032848
121032849
121032850
121032851
121032852
121032853
121032854
121032855
121032856
121032857
121032858
121032859
121032860
121032861
121032862
121032863
121032864
121032865
121032866
121032867
121032868
121032869
121032870
121032871
121032872
121032873
121032874
121032875
121032876
121032877
121032878
121032879
121032880
121032881
121032882
121032883
