121034804
121034803
121034802
121034805
121034806
121034807
121034819
121034811
121034823
121034814
121034820
121034812
121034808
121034824
121034818
121034813
121034825
121034821
121034816
121034826
121034817
121034810
121034822
121034840
121034835
121034837
121034833
121034829
121034834
121034842
121034844
121034857
121034856
121034851
121034849
121034858
121034843
121034860
121034845
121034853
121034852
121034848
121034855
121034841
121034850
121034854
121034847
121034859
121034846
121034863
121034874
121034865
121034873
121034869
121034871
121034875
121034870
121034868
121034864
121034872
121034867
121034890
121034881
121034879
121034886
121034889
121034878
121034882
121034880
121034887
121034888
121034885
121034883
121034877
121034876
121034884
121034894
121034891
121034895
121034898
121034899
121034902
121034832
121034904
121034893
121034892
121034831
121034901
121034897
121034862
121034836
121034827
121034839
121034815
121034866
121034903
121034828
121034896
121034900
121034838
121034809
121034861
121034830
