121210707
121210704
121210705
121210711
121210713
121210712
121210715
121210736
121210731
121210733
121210735
121210721
121210717
121210720
121210730
121210718
121210737
121210739
121210726
121210724
121210740
121210722
121210725
121210732
121210744
121210745
121210746
121210748
121210747
121210749
121210753
121210763
121210759
121210761
121210751
121210750
121210760
121210757
121210758
121210773
121210774
121210771
121210772
121210769
121210767
121210768
121210776
121210784
121210783
121210779
121210786
121210782
121210785
121210781
121210778
121210780
121210777
121210793
121210792
121210791
121210789
121210787
121210788
121210790
121210795
121210794
121210800
121210798
121210797
121210801
121210805
121210807
121210806
121210709
121210802
121210755
121210706
121210719
121210708
121210765
121210703
121210756
121210738
121210714
121210762
121210766
121210752
121210723
121210734
121210710
121210741
121210727
121210799
121210775
121210803
121210804
121210728
121210742
121210796
121210770
121210729
121210743
121210754
121210764
121210716
