121923050
121923027
121923052
121923033
121923059
121923025
121923062
121923061
121923026
121923053
121923034
121923043
121923046
121923049
121923056
121923042
121923030
121923058
121923024
121923039
121923063
121923038
121922991
121922992
121922996
121922993
121922997
121922994
121922995
121922999
121922998
121923000
121923002
121923001
121923003
121923005
121923004
121923013
121923020
121923006
121923012
121923017
121923016
121923023
121923010
121923009
121923021
121923008
121923019
121923014
121923022
121923011
121923018
121923007
121923015
121923035
121923031
121923032
121923028
121923029
121923040
121923036
121923048
121923044
121923055
121923064
121923047
121923057
121923041
121923054
121923060
121923051
121923045
121923037
121923065
121923080
121923068
121923069
121923077
121923071
121923072
121923076
121923066
121923073
121923067
121923075
121923079
121923070
121923074
121923078
121923082
121923081
121923087
121923084
121923085
121923088
121923083
121923086
121923089
