121822631
121822619
121822626
121822655
121822610
121822616
121822660
121822620
121822656
121822669
121822617
121822661
121822628
121822668
121822664
121822609
121822608
121822611
121822612
121822618
121822623
121822613
121822614
121822624
121822615
121822622
121822621
121822627
121822630
121822629
121822632
121822625
121822633
121822634
121822638
121822644
121822643
121822641
121822637
121822640
121822642
121822639
121822635
121822636
121822645
121822651
121822650
121822647
121822653
121822648
121822652
121822646
121822649
121822659
121822662
121822663
121822657
121822658
121822654
121822666
121822671
121822665
121822672
121822670
121822667
