121551416
121551448
121551423
121551345
121551342
121551429
121551428
121551418
121551425
121551351
121551433
121551430
121551344
121551442
121551417
121551352
121551447
121551449
121551353
121551350
121551348
121551343
121551349
121551346
121551347
121551366
121551369
121551358
121551373
121551361
121551375
121551356
121551367
121551370
121551364
121551360
121551372
121551357
121551363
121551371
121551376
121551368
121551359
121551374
121551365
121551354
121551362
121551355
121551377
121551391
121551386
121551381
121551396
121551399
121551379
121551389
121551378
121551398
121551393
121551388
121551383
121551382
121551380
121551395
121551394
121551387
121551385
121551392
121551384
121551397
121551390
121551408
121551411
121551403
121551413
121551402
121551409
121551412
121551401
121551405
121551407
121551400
121551406
121551404
121551414
121551410
121551419
121551422
121551426
121551421
121551424
121551415
121551420
121551427
121551443
121551436
121551439
121551431
121551441
121551434
121551437
121551440
121551438
121551435
121551444
121551432
121551446
121551445
121551460
121551455
121551453
121551452
121551458
121551459
121551461
121551450
121551454
121551456
121551457
121551451
