122393200
122393179
122393192
122393211
122393180
122393186
122393202
122393208
122393184
122393182
122393183
122393193
122393207
122393185
122393163
122393161
122393162
122393171
122393170
122393168
122393173
122393172
122393164
122393169
122393166
122393167
122393175
122393177
122393165
122393176
122393174
122393191
122393181
122393190
122393195
122393187
122393194
122393189
122393188
122393178
122393196
122393199
122393198
122393197
122393201
122393203
122393209
122393204
122393205
122393210
122393206
122393212
122393215
122393217
122393216
122393213
122393214
