122522250
122522254
122522235
122522247
122522245
122522319
122522233
122522249
122522237
122522244
122522238
122522243
122522240
122522253
122522239
122522246
122522242
122522234
122522251
122522236
122522241
122522252
122522255
122522248
122522232
122522258
122522273
122522268
122522267
122522274
122522257
122522270
122522269
122522261
122522260
122522276
122522264
122522265
122522272
122522266
122522263
122522271
122522259
122522275
122522262
122522256
122522280
122522279
122522277
122522282
122522278
122522281
122522283
122522284
122522286
122522305
122522292
122522291
122522285
122522306
122522301
122522302
122522289
122522298
122522295
122522294
122522304
122522293
122522296
122522303
122522300
122522290
122522287
122522288
122522297
122522299
122522312
122522311
122522317
122522310
122522313
122522316
122522314
122522309
122522315
122522308
122522307
122522318
122522320
