121824645
121824638
121824644
121824637
121824640
121824639
121824643
121824641
121824642
121824650
121824662
121824659
121824654
121824652
121824646
121824653
121824647
121824683
121824676
121824692
121824667
121824668
121824677
121824681
121824680
121824682
121824669
121824688
121824658
121824663
121824655
121824651
121824666
121824685
121824678
121824671
121824687
121824672
121824660
121824649
121824670
121824684
121824679
121824675
121824689
121824674
121824648
121824656
121824661
121824673
121824686
121824665
121824691
121824664
121824690
121824657
