121552448
121552409
121552444
121552417
121552406
121552404
121552405
121552408
121552403
121552407
121552411
121552424
121552423
121552421
121552416
121552415
121552414
121552413
121552418
121552422
121552412
121552419
121552420
121552410
121552427
121552428
121552431
121552426
121552425
121552429
121552432
121552430
121552437
121552434
121552438
121552433
121552445
121552446
121552447
121552443
121552441
121552436
121552435
121552439
121552442
121552440
121552449
121552455
121552451
121552452
121552454
121552450
121552453
121552456
121552459
121552457
121552460
121552462
121552458
121552461
