122600150
122600148
122600151
122600152
122600153
122600155
122600156
122600157
122600158
122600159
122600160
122600161
122600162
122600163
122600164
122600165
122600166
122600167
122600168
122600169
122600170
122600171
122600172
122600173
122600174
122600175
122600176
122600177
122600178
122600179
122600180
122600181
122600182
122600184
122600185
122600186
122600187
122600188
122600189
122600190
122600191
122600192
122600193
122600194
122600195
122600197
122600198
122600199
122600200
122600201
122600202
122600203
122600204
122600205
122600206
122600207
122600208
122600209
122600210
122600211
122600212
122600213
122600214
122600215
122600216
122600217
122600218
122600219
122600220
122600221
122600222
122600223
122600224
122600225
122600226
122600227
122600228
122600149
122600154
122600183
122600196
