122294659
122294654
122294662
122294663
122294657
122294650
122294649
122294656
122294634
122294637
122294624
122294655
122294632
122294653
122294611
122294606
122294607
122294609
122294608
122294612
122294610
122294613
122294618
122294614
122294617
122294620
122294615
122294616
122294621
122294622
122294619
122294638
122294623
122294631
122294635
122294628
122294639
122294636
122294630
122294627
122294626
122294625
122294633
122294629
122294641
122294642
122294646
122294645
122294647
122294644
122294640
122294643
122294651
122294658
122294660
122294652
122294648
122294661
