122521922
122521928
122521933
122521931
122521932
122521944
122521930
122521943
122521921
122521918
122521927
122521942
122521920
122521940
122521926
122521941
122521938
122521916
122521937
122521919
122521936
122521923
122521924
122521925
122521935
122521939
122521934
122521929
122521917
122521948
122521968
122521960
122521953
122521957
122521946
122521971
122521972
122521956
122521951
122521970
122521947
122521963
122521958
122521961
122521969
122521945
122521962
122521954
122521950
122521966
122521973
122521965
122521955
122521964
122521949
122521959
122521967
122521952
122521996
122521983
122521981
122521994
122521980
122521991
122521985
122521979
122521976
122521986
122521988
122521993
122521990
122521989
122521982
122521978
122521997
122521987
122521977
122521975
122521974
122521998
122521992
122521984
122521995
122522006
122521999
122522004
122522002
122522000
122522007
122522005
122522001
122522003
122522015
122522032
122522027
122522013
122522029
122522037
122522018
122522031
122522019
122522012
122522024
122522035
122522009
122522017
122522014
122522022
122522021
122522030
122522010
122522025
122522034
122522008
122522023
122522026
122522036
122522011
122522033
122522020
122522028
122522016
122522042
122522045
122522038
122522044
122522043
122522039
122522040
122522046
122522041
