123241933
123241932
123241931
123241935
123241934
123241938
123241937
123241939
123241936
123241947
123241949
123241948
123241943
123241942
123241945
123241954
123241958
123241953
123241952
123241957
123241961
123241960
123241967
123241966
123241965
123241962
123241964
123241963
123241968
123241969
123241976
123241975
123241971
123241970
123241978
123241982
123241979
123241984
123241987
123241985
123241986
123241980
123241988
123241983
123241981
123241989
123241992
123241993
123241991
123241990
123241997
123241995
123241994
123241996
123241998
123241999
123242001
123242000
123242004
123242002
123242005
123242010
123242011
123242013
123242012
123242009
123242007
123242008
123242016
123242015
123242021
123242022
123242018
123242017
123242014
123242019
123242020
123242028
123242025
123242026
123242030
123242023
123242024
123242029
123242027
123242031
123242033
123242034
123242038
123242040
123242039
123242041
123242044
123242047
123242050
123242049
123241972
123241940
123241951
123241946
123242043
123241959
123241977
123241974
123241955
123241956
123242042
123242032
123242003
123241944
123242048
123242035
123241941
123241973
123242046
123241950
123242036
123242006
123242037
123242045
