123140387
123140388
123140389
123140390
123140391
123140392
123140406
123140418
123140419
123140420
123140421
123140433
123140434
123140435
123140436
123140437
123140453
123140459
123140393
123140394
123140395
123140396
123140397
123140398
123140399
123140400
123140401
123140402
123140403
123140404
123140405
123140407
123140408
123140409
123140410
123140411
123140412
123140413
123140414
123140415
123140416
123140417
123140422
123140423
123140424
123140425
123140426
123140427
123140428
123140429
123140430
123140431
123140432
123140438
123140439
123140440
123140441
123140442
123140443
123140444
123140445
123140446
123140447
123140448
123140449
123140450
123140451
123140452
123140454
123140455
123140456
123140457
123140458
