123070805
123070802
123070803
123070804
123070808
123070807
123070806
123070801
123070812
123070815
123070813
123070814
123070810
123070809
123070811
123070816
123070823
123070822
123070824
123070821
123070818
123070820
123070819
123070836
123070838
123070837
123070831
123070825
123070830
123070827
123070832
123070839
123070828
123070835
123070834
123070833
123070826
123070829
123070849
123070853
123070852
123070862
123070847
123070848
123070854
123070855
123070846
123070841
123070857
123070858
123070850
123070845
123070860
123070851
123070861
123070844
123070856
123070859
123070843
123070875
123070866
123070865
123070882
123070864
123070868
123070878
123070877
123070879
123070876
123070869
123070881
123070871
123070884
123070885
123070894
123070893
123070895
123070892
123070891
123070887
123070888
123070886
123070889
123070890
123070899
123070896
123070897
123070900
123070903
123070905
123070904
123070906
123070909
123070907
123070908
123070912
123070913
123070914
123070915
123070911
123070910
123070872
123070840
123070902
123070883
123070874
123070901
123070817
123070863
123070873
123070880
123070842
123070870
123070867
123070898
