123071365
123071366
123071370
123071363
123071371
123071372
123071373
123071378
123071374
123071379
123071381
123071387
123071383
123071386
123071388
123071384
123071390
123071385
123071389
123071382
123071391
123071393
123071394
123071392
123071396
123071398
123071397
123071395
123071399
123071401
123071402
123071400
123071405
123071406
123071408
123071427
123071413
123071426
123071425
123071416
123071423
123071417
123071404
123071407
123071422
123071421
123071420
123071409
123071411
123071434
123071433
123071435
123071428
123071429
123071431
123071430
123071432
123071436
123071437
123071369
123071412
123071364
123071415
123071424
123071377
123071376
123071418
123071403
123071368
123071414
123071367
123071362
123071375
123071419
123071380
123071410
