124935031
124935019
124935011
124934942
124934938
124934941
124934939
124934940
124934956
124934955
124934946
124934945
124934952
124934947
124934953
124934961
124934943
124934950
124934954
124934962
124934957
124934960
124934958
124934944
124934951
124934959
124934948
124934949
124934964
124934968
124934966
124934969
124934963
124934967
124934965
124934976
124934971
124934974
124934978
124934973
124934975
124934972
124934970
124934977
124934982
124934981
124934979
124934980
124934984
124934991
124934983
124934986
124934990
124934985
124934987
124934989
124934988
124934998
124935007
124934992
124934997
124934993
124934999
124935006
124934994
124935008
124935004
124934995
124935000
124934996
124935002
124935001
124935005
124935003
124935026
124935025
124935015
124935024
124935034
124935009
124935018
124935021
124935016
124935032
124935027
124935023
124935028
124935013
124935022
124935030
124935033
124935010
124935029
124935014
124935017
124935012
124935020
124935054
124935041
124935052
124935042
124935043
124935053
124935046
124935036
124935051
124935049
124935044
124935048
124935040
124935035
124935039
124935045
124935037
124935038
124935050
124935047
124935055
124935056
124935058
124935057
