124854070
124854085
124854083
124854076
124854052
124853999
124853980
124853992
124853991
124853990
124853983
124853996
124853975
124853988
124853984
124854001
124853982
124853993
124853981
124853995
124854000
124853976
124853989
124853979
124853987
124853994
124853977
124853986
124853998
124853978
124853997
124853985
124854016
124854018
124854011
124854004
124854019
124854007
124854012
124854014
124854003
124854017
124854013
124854015
124854002
124854008
124854005
124854010
124854006
124854009
124854027
124854023
124854030
124854029
124854024
124854025
124854022
124854028
124854026
124854031
124854020
124854021
124854041
124854049
124854062
124854061
124854060
124854032
124854046
124854037
124854054
124854057
124854034
124854045
124854038
124854039
124854053
124854063
124854051
124854048
124854035
124854050
124854042
124854040
124854059
124854033
124854058
124854065
124854036
124854064
124854047
124854043
124854055
124854044
124854056
124854086
124854077
124854073
124854074
124854088
124854081
124854075
124854090
124854069
124854066
124854082
124854084
124854072
124854087
124854089
124854078
124854071
124854068
124854080
124854079
124854067
