124658011
124658008
124658013
124657985
124657946
124657947
124657951
124657952
124657959
124657957
124657956
124657954
124657961
124657958
124657949
124657953
124657962
124657950
124657960
124657948
124657955
124657972
124657964
124657963
124657969
124657970
124657967
124657966
124657968
124657973
124657965
124657971
124657974
124657983
124657980
124657979
124657984
124657982
124657989
124657988
124657975
124657977
124657976
124657987
124657986
124657978
124657981
124657991
124657993
124658002
124657990
124658000
124657999
124657998
124657995
124657996
124658001
124657994
124657997
124657992
124658003
124658004
124658005
124658006
124658007
124658012
124658010
124658009
124658018
124658015
124658017
124658014
124658016
124658019
124658029
124658035
124658028
124658038
124658025
124658022
124658026
124658032
124658037
124658020
124658031
124658033
124658023
124658034
124658036
124658027
124658024
124658021
124658030
124658042
124658041
124658043
124658045
124658044
124658040
124658039
124658048
124658047
124658050
124658049
124658046
124658054
124658052
124658055
124658056
124658051
124658053
124658061
124658063
124658058
124658059
124658060
124658065
124658066
124658068
124658064
124658067
124658069
124658057
124658062
124658070
