124941946
124941947
124941948
124941949
124941950
124941951
124941952
124941953
124941954
124941955
124941956
124941957
124941958
124941959
124941960
124941961
124941962
124941963
124941964
124941965
124941966
124941967
124941968
124941969
124941970
124941971
124941972
124941973
124941974
124941975
124941976
124941977
124941978
124941979
124941980
124941981
124941982
124941983
124941984
124941985
124941986
124941987
124941988
124941989
124941990
124941991
124941992
124941993
124941994
124941995
124941996
124941997
124941998
