124748968
124748944
124748956
124748943
124748955
124748967
124748947
124748964
124748941
124748961
124748950
124748942
124748963
124748959
124748948
124748952
124748966
124748960
124748951
124748958
124748946
124748953
124748962
124748949
124748965
124748957
124748954
124748945
124748988
124748987
124748983
124748975
124748971
124748992
124748970
124748989
124748969
124748982
124748990
124748984
124748980
124748976
124748979
124748973
124748985
124748991
124748972
124748977
124748981
124748993
124748986
124748974
124748978
