124595297
124595299
124595298
124595312
124595301
124595304
124595309
124595305
124595306
124595300
124595311
124595303
124595302
124595314
124595313
124595307
124595310
124595308
124595325
124595324
124595319
124595338
124595327
124595330
124595322
124595315
124595323
124595332
124595341
124595331
124595317
124595329
124595352
124595350
124595342
124595343
124595345
124595346
124595353
124595354
124595355
124595363
124595360
124595359
124595344
124595348
124595333
124595320
124595357
124595362
124595340
124595316
124595328
124595337
124595321
124595349
124595358
124595356
124595347
124595335
124595361
124595334
124595326
124595339
124595351
124595318
124595336
