125903171
125903173
125903184
125903163
125903132
125903129
125903131
125903130
125903137
125903140
125903138
125903139
125903147
125903135
125903142
125903144
125903133
125903136
125903146
125903143
125903134
125903145
125903148
125903141
125903157
125903152
125903153
125903151
125903154
125903149
125903155
125903150
125903158
125903159
125903156
125903181
125903168
125903166
125903170
125903169
125903165
125903167
125903177
125903161
125903164
125903180
125903160
125903175
125903174
125903176
125903162
125903182
125903172
125903183
125903178
125903179
125903190
125903209
125903196
125903215
125903203
125903201
125903205
125903213
125903202
125903195
125903204
125903194
125903186
125903200
125903198
125903212
125903191
125903197
125903187
125903208
125903185
125903188
125903189
125903214
125903210
125903193
125903199
125903207
125903206
125903192
125903211
125903224
125903222
125903216
125903221
125903223
125903219
125903217
125903218
125903225
125903220
125903227
125903229
125903226
125903230
125903228
125903232
125903234
125903233
125903231
125903247
125903242
125903238
125903239
125903245
125903243
125903236
125903246
125903249
125903241
125903244
125903235
125903237
125903248
125903240
125903255
125903261
125903251
125903256
125903257
125903259
125903254
125903260
125903250
125903252
125903258
125903253
