125721062
125721073
125721007
125721010
125721016
125720994
125720995
125721006
125720992
125721005
125720993
125721004
125721011
125721013
125721002
125720998
125721015
125720991
125720989
125721009
125720996
125720990
125720997
125721000
125721001
125721014
125721003
125721012
125720999
125721008
125721039
125721028
125721029
125721038
125721044
125721042
125721032
125721025
125721035
125721026
125721023
125721041
125721046
125721043
125721034
125721021
125721017
125721018
125721037
125721030
125721019
125721022
125721033
125721045
125721036
125721024
125721031
125721027
125721020
125721040
125721051
125721053
125721054
125721055
125721052
125721050
125721049
125721048
125721047
125721066
125721071
125721064
125721058
125721067
125721070
125721068
125721059
125721057
125721072
125721056
125721063
125721074
125721061
125721060
125721069
125721065
125721075
125721076
125721081
125721077
125721088
125721078
125721080
125721089
125721085
125721087
125721086
125721082
125721084
125721079
125721083
125721091
125721093
125721090
125721092
