126177172
126177156
126177162
126177164
126177165
126177170
126177158
126177167
126177159
126177166
126177163
126177155
126177171
126177160
126177168
126177157
126177169
126177161
126177177
126177181
126177176
126177173
126177180
126177175
126177174
126177178
126177179
126177182
126177199
126177192
126177186
126177205
126177198
126177193
126177187
126177208
126177196
126177201
126177197
126177191
126177200
126177183
126177204
126177207
126177188
126177195
126177203
126177185
126177184
126177202
126177206
126177189
126177190
126177194
126177211
126177223
126177220
126177217
126177226
126177229
126177214
126177228
126177215
126177209
126177222
126177225
126177218
126177212
126177224
126177219
126177232
126177216
126177213
126177230
126177227
126177210
126177231
126177221
126177233
126177235
126177234
126177238
126177239
126177236
126177237
126177241
126177240
126177243
126177252
126177242
126177250
126177251
126177247
126177246
126177249
126177245
126177244
126177248
126177253
126177254
126177273
126177268
126177258
126177276
126177259
126177261
126177256
126177265
126177272
126177278
126177275
126177264
126177260
126177274
126177257
126177269
126177277
126177262
126177266
126177271
126177255
126177263
126177270
126177267
126177284
126177279
126177285
126177282
126177286
126177280
126177283
126177281
126177290
126177287
126177288
126177289
126177291
