126178469
126178451
126178448
126178460
126178452
126178434
126178444
126178440
126178449
126178472
126178457
126178442
126178378
126178379
126178384
126178386
126178395
126178396
126178388
126178385
126178393
126178381
126178382
126178391
126178383
126178389
126178380
126178390
126178392
126178394
126178387
126178397
126178400
126178399
126178401
126178403
126178398
126178404
126178402
126178424
126178405
126178416
126178406
126178427
126178414
126178417
126178412
126178428
126178409
126178431
126178408
126178418
126178421
126178420
126178410
126178432
126178429
126178422
126178419
126178425
126178411
126178430
126178423
126178426
126178407
126178413
126178415
126178445
126178437
126178447
126178433
126178443
126178439
126178436
126178438
126178435
126178441
126178446
126178462
126178471
126178474
126178458
126178470
126178454
126178459
126178456
126178467
126178466
126178464
126178450
126178463
126178468
126178465
126178461
126178455
126178473
126178453
126178495
126178486
126178484
126178497
126178477
126178494
126178487
126178499
126178482
126178491
126178488
126178479
126178478
126178490
126178481
126178493
126178475
126178492
126178489
126178480
126178476
126178483
126178498
126178485
126178496
