127063611
127063604
127063610
127063605
127063602
127063603
127063618
127063595
127063578
127063597
127063569
127063576
127063564
127063585
127063588
127063579
127063594
127063586
127063575
127063567
127063568
127063596
127063577
127063584
127063589
127063565
127063572
127063571
127063574
127063587
127063566
127063582
127063591
127063592
127063581
127063573
127063583
127063590
127063570
127063593
127063580
127063606
127063620
127063607
127063613
127063598
127063601
127063609
127063614
127063599
127063612
127063617
127063619
127063615
127063600
127063616
127063608
