127064067
127064023
127064078
127064037
127064063
127064126
127064099
127064053
127064027
127064030
127064041
127064089
127064095
127064026
127064108
127064094
127064074
127064046
127064052
127064032
127064040
127064123
127064056
127064122
127064071
127064075
127064121
127064116
127064092
127064114
127064087
127064100
127064119
127064081
127064127
127064065
127064079
127064038
127064077
127063995
127063998
127063999
127064004
127064021
127063989
127064008
127064017
127064012
127064001
127063993
127064020
127064007
127063996
127064018
127064005
127063986
127063991
127064015
127064003
127064010
127063997
127063994
127064022
127063992
127064000
127063990
127064013
127064002
127064016
127064011
127064014
127063988
127064009
127064019
127064006
127063987
127064070
127064062
127064050
127064060
127064043
127064039
127064073
127064069
127064076
127064057
127064064
127064047
127064024
127064033
127064034
127064029
127064048
127064045
127064058
127064080
127064055
127064036
127064035
127064031
127064028
127064066
127064025
127064068
127064051
127064072
127064061
127064059
127064042
127064049
127064044
127064054
127064117
127064085
127064104
127064097
127064109
127064090
127064113
127064106
127064088
127064125
127064111
127064093
127064102
127064101
127064124
127064083
127064112
127064098
127064096
127064105
127064118
127064084
127064120
127064107
127064086
127064082
127064110
127064115
127064091
127064103
