127148291
127148290
127148289
127148281
127148278
127148279
127148284
127148287
127148295
127148294
127148298
127148305
127148308
127148304
127148306
127148307
127148316
127148323
127148311
127148324
127148317
127148312
127148319
127148318
127148313
127148320
127148315
127148314
127148321
127148325
127148310
127148322
127148331
127148332
127148330
127148288
127148296
127148285
127148329
127148302
127148303
127148328
127148301
127148292
127148327
127148282
127148280
127148309
127148283
127148297
127148286
127148299
127148326
127148300
127148293
