127137714
127137871
127137806
127137860
127137742
127137739
127137870
127137764
127137831
127137774
127137818
127137788
127137785
127137767
127137755
127137793
127137830
127137757
127137725
127137823
127137894
127137769
127137873
127137737
127137886
127137712
127137790
127137717
127137828
127137880
127137858
127137794
127137773
127137799
127137816
127137861
127137780
127137896
127137779
127137800
127137847
127137883
127137718
127137759
127137727
127137804
127137856
127137776
127137863
127137852
127137827
127137888
127137735
127137731
127137885
127137834
127137744
127137763
127137842
127137738
127137887
127137864
127137726
127137783
127137789
127137791
127137740
127137711
127137760
127137748
127137857
127137743
127137713
127137867
127137874
127137829
127137845
127137768
127137819
127137815
127137771
127137872
127137849
127137719
127137745
127137732
127137762
127137747
127137728
127137758
127137751
127137741
127137722
127137721
127137752
127137736
127137761
127137710
127137756
127137733
127137746
127137720
127137750
127137729
127137753
127137724
127137723
127137730
127137754
127137749
127137715
127137716
127137734
127137821
127137808
127137803
127137784
127137796
127137775
127137817
127137786
127137805
127137812
127137811
127137772
127137820
127137807
127137787
127137795
127137792
127137822
127137770
127137810
127137809
127137781
127137801
127137802
127137814
127137798
127137797
127137777
127137765
127137782
127137813
127137778
127137766
127137837
127137838
127137844
127137851
127137841
127137862
127137869
127137832
127137875
127137848
127137833
127137876
127137879
127137846
127137868
127137824
127137859
127137855
127137865
127137854
127137878
127137877
127137826
127137853
127137850
127137825
127137866
127137835
127137843
127137836
127137840
127137839
127137892
127137889
127137890
127137884
127137895
127137893
127137891
127137881
127137897
127137898
127137882
