127853885
127853911
127853910
127853880
127853874
127853877
127853875
127853912
127853923
127853913
127853931
127853876
127853929
127853924
127853883
127853891
127853893
127853934
127853917
127853903
127853920
127853900
127853864
127853867
127853870
127853871
127853868
127853869
127853872
127853866
127853865
127853878
127853881
127853882
127853884
127853879
127853887
127853886
127853873
127853902
127853888
127853892
127853897
127853895
127853894
127853896
127853901
127853889
127853898
127853890
127853899
127853907
127853905
127853904
127853906
127853908
127853909
127853930
127853939
127853935
127853943
127853918
127853915
127853922
127853932
127853933
127853926
127853938
127853914
127853942
127853927
127853925
127853919
127853936
127853941
127853916
127853937
127853921
127853928
127853940
127853946
127853944
127853945
