127769488
127769484
127769462
127769479
127769443
127769450
127769487
127769440
127769439
127769441
127769452
127769453
127769446
127769442
127769447
127769451
127769445
127769449
127769444
127769448
127769459
127769456
127769465
127769466
127769467
127769468
127769469
127769470
127769471
127769472
127769473
127769477
127769457
127769461
127769475
127769463
127769474
127769464
127769478
127769454
127769458
127769455
127769476
127769460
127769486
127769489
127769481
127769482
127769483
127769485
127769480
127769495
127769494
127769496
127769492
127769491
127769490
127769497
127769493
