127853435
127853465
127853451
127853431
127853443
127853440
127853434
127853433
127853461
127853450
127853481
127853456
127853482
127853463
127853458
127853479
127853480
127853437
127853438
127853459
127853428
127853429
127853430
127853441
127853432
127853436
127853444
127853439
127853442
127853448
127853460
127853462
127853449
127853455
127853468
127853469
127853453
127853445
127853446
127853447
127853457
127853464
127853466
127853454
127853452
127853467
127853473
127853478
127853476
127853475
127853470
127853472
127853474
127853471
127853477
