128675225
128675227
128675236
128675237
128675238
128675228
128675234
128675243
128675248
128675241
128675247
128675263
128675265
128675257
128675253
128675264
128675252
128675259
128675249
128675272
128675269
128675268
128675266
128675271
128675275
128675274
128675277
128675279
128675282
128675278
128675280
128675276
128675281
128675288
128675293
128675285
128675292
128675290
128675289
128675296
128675304
128675299
128675301
128675305
128675302
128675314
128675306
128675313
128675310
128675308
128675309
128675311
128675307
128675312
128675327
128675316
128675321
128675322
128675315
128675323
128675326
128675246
128675284
128675244
128675286
128675233
128675254
128675261
128675229
128675250
128675325
128675318
128675242
128675273
128675245
128675235
128675267
128675283
128675256
128675226
128675294
128675239
128675260
128675232
128675300
128675298
128675258
128675255
128675251
128675303
128675291
128675328
128675320
128675317
128675270
128675287
128675295
128675324
128675231
128675319
128675262
128675297
128675230
128675240
