128763347
128763348
128763370
128763356
128763366
128763359
128763349
128763353
128763361
128763352
128763351
128763362
128763372
128763363
128763367
128763360
128763384
128763382
128763381
128763374
128763375
128763383
128763373
128763385
128763377
128763378
128763387
128763380
128763379
128763376
128763416
128763401
128763402
128763396
128763415
128763392
128763414
128763406
128763413
128763399
128763389
128763408
128763411
128763409
128763407
128763400
128763395
128763419
128763391
128763403
128763355
128763418
128763358
128763357
128763417
128763369
128763365
128763393
128763364
128763394
128763404
128763371
128763368
128763386
128763405
128763420
128763354
128763350
128763397
128763390
128763410
128763388
128763398
128763412
