129724008
129724009
129724006
129724012
129724011
129724010
129724007
129724005
129724015
129724022
129724019
129724024
129724014
129724018
129724016
129724029
129724035
129724033
129724036
129724030
129724042
129724057
129724053
129724039
129724049
129724045
129724043
129724037
129724054
129724058
129724048
129724051
129724040
129724064
129724070
129724062
129724065
129724072
129724075
129724083
129724078
129724079
129724076
129724073
129724095
129724096
129724094
129724091
129724084
129724092
129724100
129724098
129724102
129724101
129724119
129724123
129724112
129724111
129724120
129724115
129724107
129724129
129724109
129724106
129724125
129724121
129724114
129724127
129724133
129724138
129724136
129724134
129724141
129724140
129724103
129724128
129724090
129724071
129724032
129724017
129724135
129724069
129724093
129724105
129724041
129724034
129724126
129724044
129724031
129724088
129724027
129724116
129724130
129724081
129724142
129724023
129724137
129724050
129724118
129724074
129724060
129724124
129724086
129724068
129724063
129724108
129724113
129724067
129724087
129724131
129724085
129724061
129724089
129724082
129724080
129724132
129724052
129724066
129724020
129724038
129724104
129724077
129724099
129724056
129724028
129724117
129724026
129724097
129724046
129724047
129724059
129724055
129724025
129724139
129724021
129724013
129724110
129724122
