129635100
129635101
129635106
129635103
129635123
129635104
129635115
129635117
129635114
129635102
129635110
129635121
129635118
129635116
129635108
129635105
129635141
129635130
129635147
129635134
129635137
129635144
129635140
129635131
129635145
129635136
129635124
129635149
129635132
129635146
129635139
129635128
129635142
129635129
129635148
129635133
129635126
129635127
129635125
129635150
129635135
129635138
129635143
129635176
129635178
129635165
129635166
129635177
129635153
129635181
129635170
129635156
129635167
129635152
129635169
129635154
129635182
129635151
129635161
129635163
129635183
129635171
129635180
129635185
129635206
129635198
129635202
129635205
129635186
129635193
129635199
129635188
129635207
129635192
129635194
129635191
129635204
129635216
129635208
129635227
129635226
129635225
129635214
129635215
129635211
129635229
129635228
129635220
129635223
129635213
129635224
129635212
129635209
129635113
129635168
129635155
129635195
129635122
129635187
129635109
129635203
129635172
129635179
129635184
129635112
129635107
129635218
129635111
129635197
129635158
129635221
129635099
129635157
129635210
129635217
129635119
129635162
129635120
129635174
129635189
129635196
129635159
129635164
129635175
129635200
129635201
129635222
129635190
129635160
129635219
129635173
